0 0.7788798030402415 0.41553283891791076 0.4422403939195171 0.8310656778358215
0 0.5005504057134298 0.45782100041428475 0.5062720728163598 0.9156420008285695
0 0.22694963687405525 0.5229322700589919 0.4538992737481105 0.9541354598820162
0 0.6643516553604939 0.07112344355158717 0.11574536831702939 0.11446922249741003
0 0.88525308745287 0.5992140945039912 0.16415204721387228 0.16970468610347994
0 0.8589962974256338 0.031087160465171328 0.07191977360693613 0.062174320930342655
0 0.5737343606362831 0.08858923346017397 0.0883484104104042 0.12565927956950457
0 0.6114291796027146 0.6587154888368575 0.1736782366340588 0.2262457845319034
0 0.36314620015529175 0.14592450620525302 0.0992859104104042 0.1261687018192456
0 0.30267653490673874 0.7159480618296055 0.1755893471291677 0.2590582845319034
0 0.04002263690934883 0.20026967369748308 0.08004527381869767 0.125950377997928
0 0.26124977118786175 0.12963388027423958 0.0788068104386391 0.0956079065339753