0 0.47734375 0.16640625 0.84453125 0.29140625
0 0.47890625 0.46796875 0.87265625 0.30703125
0 0.49140625 0.7828125 0.9046875 0.3234375
0 0.13828125 0.26328125 0.0953125 0.09375
0 0.71328125 0.10859375 0.14140625 0.13203125
0 0.1296875 0.06640625 0.07109375 0.05625
0 0.13515625 0.35390625 0.1125 0.0625
0 0.7125 0.38359375 0.20078125 0.12734375
0 0.14609375 0.5671875 0.1109375 0.0734375
0 0.7015625 0.69296875 0.23359375 0.12109375
0 0.128125 0.896875 0.1109375 0.06796875
0 0.1078125 0.66484375 0.0828125 0.06015625