0 0.50546875 0.79453125 0.91328125 0.3234375
0 0.1203125 0.903125 0.13125 0.05859375
0 0.50390625 0.17578125 0.79609375 0.27265625
0 0.50078125 0.48203125 0.8859375 0.31328125
0 0.10625 0.6609375 0.09140625 0.04375
0 0.87265625 0.678125 0.11640625 0.05859375
0 0.86328125 0.91015625 0.0921875 0.05390625
0 0.13359375 0.36015625 0.1 0.05859375
0 0.85625 0.3671875 0.1015625 0.06171875
0 0.1390625 0.5703125 0.11484375 0.06796875
0 0.86015625 0.5890625 0.08359375 0.07109375
0 0.146875 0.26484375 0.08828125 0.07421875
0 0.8640625 0.28203125 0.07578125 0.0734375
0 0.8609375 0.07734375 0.07578125 0.0671875
0 0.159375 0.071875 0.0703125 0.06484375