0 0.66796875 0.2925767566438647 0.6640625 0.5851535132877294
0 0.5456546230786052 0.5775211845958215 0.6728166423559772 0.6825088907542687
0 0.5727516808735398 0.4560547172581398 0.6642401384016445 0.6636679840865416
0 0.6054448226608633 0.33764961525304915 0.6324808024320895 0.6508043574156326
0 0.5193069817855733 0.6981973112667303 0.6741297915576743 0.5997509347549052
0 0.4983989155876817 0.7797291219366848 0.6471959239534577 0.4370145774188142
0 0.31689158900966674 0.8138875879615017 0.11347886266130089 0.14031701201463562
0 0.3260862223940332 0.6558932746260473 0.1257241946765233 0.13421246268299925
0 0.34331619026508003 0.5032768046228656 0.12585152866891197 0.13733746268299923
0 0.370271326615196 0.3591449966184113 0.1366616946765232 0.13433973201781732
0 0.4112717169196447 0.23360864727882072 0.1593643656270503 0.15490677068745357
0 0.46609452669174567 0.12119900660409377 0.13710736364988402 0.14527723201781734
0 0.687827605246927 0.1005790659611836 0.23190521049385407 0.2011581319223672