0 0.7296875 0.29140625 0.53125 0.5828125
0 0.49921875 0.58671875 0.51796875 0.559375
0 0.56171875 0.47734375 0.51640625 0.540625
0 0.62890625 0.3734375 0.48515625 0.5359375
0 0.4328125 0.715625 0.5359375 0.5140625
0 0.3828125 0.80703125 0.54921875 0.38203125
0 0.20859375 0.75 0.0796875 0.12265625
0 0.26484375 0.60234375 0.09453125 0.11171875
0 0.3265625 0.4609375 0.09453125 0.115625
0 0.39609375 0.33046875 0.10546875 0.10859375
0 0.47265625 0.221875 0.12421875 0.12578125
0 0.559375 0.12890625 0.10390625 0.12265625
0 0.7828125 0.15546875 0.18046875 0.18828125