0 0.33984375 0.22421875 0.40703125 0.284375
0 0.340625 0.5234375 0.40859375 0.28359375
0 0.33828125 0.815625 0.4140625 0.27421875
0 0.72578125 0.21953125 0.36484375 0.290625
0 0.72265625 0.521875 0.359375 0.29296875
0 0.72421875 0.81484375 0.35390625 0.29609375
0 0.321875 0.14609375 0.0796875 0.10078125
0 0.2015625 0.31796875 0.06484375 0.07265625
0 0.31953125 0.43984375 0.07890625 0.09921875
0 0.2 0.61484375 0.0640625 0.07578125
0 0.32109375 0.734375 0.0828125 0.096875
0 0.1984375 0.9125 0.05234375 0.084375
0 0.5875 0.91171875 0.05703125 0.07890625
0 0.5875 0.61328125 0.0640625 0.0796875
0 0.58671875 0.31484375 0.05078125 0.07890625
0 0.7046875 0.1390625 0.08125 0.1015625
0 0.70703125 0.434375 0.08515625 0.10078125
0 0.7078125 0.73046875 0.090625 0.0984375