0 0.31422866989997517 0.22846396001239558 0.43409282132453625 0.32239198480111153
0 0.32742002553504307 0.5263923137358677 0.4372178213245362 0.3224647199834726
0 0.336909719649913 0.8173803364372914 0.4416325366848001 0.3131988227570144
0 0.6995129520324287 0.18826753258197856 0.3935587495377817 0.324571427430417
0 0.7087071294542513 0.4894118052834021 0.38896217775102715 0.32758732465687534
0 0.72208034151581 0.7810901590068744 0.3827576418576495 0.3290043542921531
0 0.2930189111244865 0.15244697388010392 0.08898359514371963 0.1066877175149306
0 0.1799780388628782 0.3346438376715623 0.07254024122451139 0.07819904160312507
0 0.3024631411327338 0.4449974965815275 0.08742109514371962 0.10665134992375017
0 0.19011259065788014 0.6303011765773956 0.07106866943775669 0.08128767401194459
0 0.3157908890876698 0.7382383503049997 0.092063131037097 0.10519795269729179
0 0.20098292834625936 0.9275028316876387 0.0619209899708701 0.08888196846486096
0 0.5893012822654675 0.8903586690748606 0.0633016335443795 0.08266833605604162
0 0.5776496945770884 0.5931751977602078 0.07120506175762475 0.08597517401194459
0 0.5644356068887092 0.29602809403673563 0.0570516335443795 0.0825228656913195
0 0.6752463894168741 0.10997953163204803 0.09059155925034226 0.10828658510611122
0 0.6893326553184987 0.40398345155993 0.09371655925034225 0.10835932028847228
0 0.7026149391668121 0.6987868052834022 0.09992109514371954 0.10694229065319441