0 0.8021821342144537 0.39118396546358747 0.32671514472990354 0.4345035483856421
0 0.502966706240721 0.3624402655063687 0.3268789190401627 0.4376285483856422
0 0.2098375039567289 0.3308626639775734 0.31931208050555204 0.44195217535011294
0 0.8067423179539375 0.7756124693925288 0.32927357869652985 0.3940968722069599
0 0.5041971720923806 0.7428169702210984 0.33215291723114043 0.38955492142117143
0 0.2113136312737776 0.7159268686923032 0.3349503686106214 0.3834504706353833
0 0.8803513998182858 0.38079658312243325 0.10910940637700647 0.0892508986760924
0 0.7087519595200813 0.24421261207276532 0.0786030348257091 0.07224318114108116
0 0.5864409475342938 0.349182594290085 0.1090275192218769 0.08768839867609249
0 0.4109762008136541 0.21319793672265241 0.08164614767057934 0.0708262303552929
0 0.2912136567156908 0.3221833308506309 0.10614818068726617 0.09223034946188076
0 0.11320044210722684 0.18218326137253954 0.0905298247398008 0.06188787799792803
0 0.11401815015697019 0.5695548287837162 0.08444359905006031 0.06472177956950453
0 0.4124932717082677 0.5990433914373822 0.0864155348257091 0.0726070541766104
0 0.7117086996820003 0.6277870913946009 0.08411605042954129 0.058471779569504535
0 0.8879137528250751 0.7630268862655865 0.11075379353213641 0.09088617328319834
0 0.5919052120064722 0.7359912355225793 0.10935506784239593 0.0939383986760923
0 0.2950335340327396 0.7073566974760194 0.10812011646291486 0.10011562406898662