0 0.4542758294371816 0.7261730533658939 0.3889373184962738 0.5291022344757215
0 0.38999970599881056 0.765128915161459 0.3037714572563471 0.39021829454985524
0 0.3779678594914109 0.6850966747801058 0.2654078731437835 0.24047126569391467
0 0.3046945068356911 0.5251884506408213 0.21691583098930564 0.22940479092165802
0 0.3189307654198981 0.22631444102217455 0.205361228333586 0.39146828130301126
0 0.2297682714700223 0.24661207205503338 0.2554703126425414 0.4119643197775987
0 0.5559767683467643 0.1617980401190499 0.2704589875069681 0.3031349568009072
0 0.4872494942444634 0.1709870786784553 0.2505010115110732 0.3419741573569106
0 0.47076597619228666 0.18489581125526014 0.2897180476154267 0.3697916225105203
0 0.5935267653217022 0.15189476126310936 0.24961924668035032 0.2118006286706061
0 0.5819796903825207 0.3913119253282599 0.37325673458010195 0.25048616115474365
0 0.552822413746137 0.7039855401190499 0.3172804871141846 0.5640923041685021
0 0.7256877420049682 0.6620187510114903 0.3297168546006274 0.5535913137871489
0 0.7268280611886132 0.6002727191603249 0.28521235479701906 0.42237603012188496
0 0.7110354104264873 0.49537688803479885 0.18381243949875775 0.17825895317271012