0 0.38220496414211935 0.7552819157433401 0.3195188702330857 0.16538828543115897
0 0.3382069713985135 0.9286117671552659 0.2444990228654908 0.11793897241989271
0 0.32892125143558043 0.8866515876883792 0.25205855172143127 0.15562082884638356
0 0.37565237457907286 0.6796143260098967 0.2893948606144388 0.15202446740532807
0 0.38833093465320667 0.5947846849436699 0.2697172776748141 0.12491639812585582
0 0.3869742765785059 0.5111454708370473 0.29090279691210785 0.15050743151195062
0 0.3888963859270002 0.40942384646386787 0.2924652969121079 0.15055289561857332
0 0.3986682008104574 0.33093513361088644 0.2932093413771451 0.12716085972519603
0 0.3936781112474109 0.25522207977082045 0.2853422776748141 0.12537103919208265
0 0.3725893065307547 0.14400343494366993 0.24219247840045366 0.14128554420664755
0 0.3897743173305279 0.08381740736356283 0.27329863466105586 0.16763481472712566
0 0.37485615626060226 0.036851479150317466 0.23096231252120453 0.07370295830063493
0 0.7990874184959559 0.8463816595416409 0.17709326805616749 0.10973401583511766
0 0.734449510421255 0.7645837417532368 0.16248513103285872 0.09369983887551356
0 0.7738815434535468 0.6844499608744244 0.1576885036281972 0.09043844655564541
0 0.8236434412766286 0.6313871453558759 0.19115576805616746 0.11014319279472176
0 0.8416642657787327 0.5651711119697811 0.18274306733052798 0.09272837226160835
0 0.8285888577040318 0.48187287866282846 0.18027283175849823 0.1113874440483631
0 0.7846329826616228 0.3204867492750842 0.12991073320977692 0.14426212852981452