0 0.21484375 0.39921875 0.1109375 0.3
0 0.0375 0.3765625 0.075 0.23203125
0 0.078125 0.36171875 0.1140625 0.23046875
0 0.2890625 0.3828125 0.10234375 0.271875
0 0.375 0.38515625 0.07890625 0.25625
0 0.4578125 0.3734375 0.10078125 0.2734375
0 0.559375 0.36328125 0.10078125 0.275
0 0.63828125 0.36328125 0.07421875 0.28125
0 0.7125 0.34921875 0.07578125 0.2734375
0 0.8203125 0.31484375 0.09921875 0.22421875
0 0.88984375 0.3234375 0.1375 0.2484375
0 0.9515625 0.30078125 0.084375 0.2171875
0 0.178125 0.8234375 0.07890625 0.1625
0 0.25078125 0.74921875 0.0671875 0.15078125
0 0.33515625 0.778125 0.0640625 0.146875
0 0.39453125 0.82109375 0.078125 0.17890625
0 0.4625 0.83125 0.0609375 0.17109375
0 0.54296875 0.8078125 0.08046875 0.16484375
0 0.69765625 0.74453125 0.12421875 0.10703125