0 0.5715807979675712 0.17174359527479063 0.315211126022532 0.16498504707269798
0 0.5675201206122557 0.02526749758092558 0.24129024122451134 0.05053499516185116
0 0.5878924565847752 0.053673218641730414 0.24765991316955044 0.10734643728346083
0 0.5986721468722145 0.24216251108804104 0.28676787727617314 0.15240945236260472
0 0.6089624406831506 0.3268637347796818 0.2672449874635877 0.12475488922254252
0 0.6332015742275301 0.40683966111627595 0.2866769490629279 0.14928445236260474
0 0.6587447949980704 0.5047388348220341 0.2882394490629279 0.14937545762427645
0 0.6703930003292043 0.582317803252003 0.2922449874635877 0.12621097340929205
0 0.6959218492338477 0.6528277243269253 0.284387023356965 0.1241934471009328
0 0.7457974802709447 0.7532225664767698 0.23962009263643722 0.14030429451244916
0 0.7478433650689654 0.8235350664767698 0.26892715940862677 0.18256738922254243
0 0.7800170190673159 0.8803542138741687 0.2297904515702104 0.12413326294241785
0 0.14625418903379805 0.2121675290803695 0.17313127461060623 0.10679457352223158
0 0.23088525329870527 0.2698442502117615 0.16026756175762474 0.09356653142885678
0 0.21468124326957544 0.3584363133518237 0.1554891335443794 0.09016851564384112
0 0.18138902164110535 0.42454643173944023 0.18884720282385162 0.11082962613895013
0 0.1810456923325033 0.493432939631948 0.1804891335443794 0.09162459983059072
0 0.21688991561032603 0.5688200765060033 0.17795516693047428 0.11175508930724706
0 0.30236807752623535 0.7094003028990672 0.12431334138279589 0.14450740514873245