0 0.4328125 0.71171875 0.5375 0.52890625
0 0.49921875 0.590625 0.50703125 0.540625
0 0.5671875 0.47734375 0.5109375 0.53203125
0 0.628125 0.3734375 0.48671875 0.55
0 0.48359375 0.2265625 0.090625 0.09609375
0 0.73203125 0.2859375 0.5359375 0.57109375
0 0.5578125 0.13359375 0.09375 0.11640625
0 0.78125 0.1578125 0.16953125 0.17734375
0 0.3921875 0.33359375 0.10625 0.10625
0 0.328125 0.46484375 0.11015625 0.096875
0 0.37890625 0.8015625 0.5421875 0.396875
0 0.2609375 0.60078125 0.09140625 0.10078125
0 0.203125 0.74375 0.0734375 0.0984375