0 0.29781460773404833 0.5048667209400421 0.5956292154680967 0.6878584418800843
0 0.3881568939230907 0.5442744589542545 0.6824531666636606 0.6639163308442362
0 0.5130091906561031 0.5876260685197644 0.6747134412707663 0.6650693950685875
0 0.627959948513986 0.624976661576931 0.6863401459854961 0.6469744923096256
0 0.7409073664205007 0.4531193509706243 0.1224272717116218 0.11864153663473136
0 0.6798263554622459 0.6790235159425165 0.6090542080199894 0.6419529681149669
0 0.8472814909037721 0.506466758252142 0.14154114474715093 0.12743668249628842
0 0.8658901339982933 0.7290754206220423 0.21451207195929065 0.22166471732199752
0 0.6163654387940762 0.3862892978275495 0.1357277923897861 0.1364841338757694
0 0.4747066317219817 0.35067162313317723 0.12798806699689216 0.13763719810012062
0 0.2161108434660247 0.47166139529573015 0.4322216869320494 0.6495727905914602
0 0.32687059925699297 0.31316389981828585 0.12562504631872756 0.12036781094499087
0 0.17461889454226323 0.28638895861557023 0.11857452564056317 0.10285276232447185