0 0.1893555641174387 0.8673329457452738 0.2530740016215578 0.26533410850945244
0 0.21287311038456047 0.7386635659621911 0.2378387394466932 0.19980105386194252
0 0.3264680060824894 0.7572913669954634 0.2260205779204517 0.23879083098930565
0 0.49116352596799173 0.8840180143397436 0.24316143912238175 0.14671241529826134
0 0.5068003883877377 0.7505288034691592 0.22473081330995512 0.2544067406302261
0 0.4684922702892441 0.43549415592848717 0.22350350405718977 0.1840942406302261
0 0.47056110510955473 0.5987708607489475 0.1519285129856435 0.20086358411256366
0 0.5978485336819247 0.46202536055255566 0.21415577759614024 0.18560219847574846
0 0.7499468218313716 0.4488491705628184 0.3024194366867496 0.22986125858420703
0 0.8051564732113434 0.43432812831014483 0.1783467370110614 0.28225902985783763
0 0.7407415969951752 0.23475485430603976 0.1695172077900679 0.3134544877033599
0 0.8173841432622968 0.10552641743956044 0.2472682865245936 0.20298059601642038
0 0.24563501744657507 0.6912027586824028 0.08414890340856669 0.07704428903121965
0 0.20583395210472988 0.8276760689872532 0.07035913879807013 0.09258747579950324
0 0.3414929882255819 0.7230072705862595 0.07027731818121907 0.08789997579950323
0 0.29104474918263057 0.8312964935570925 0.05580571509696401 0.06438066256778682
0 0.47587944520487097 0.9034583607489474 0.0417704886359143 0.06586134933607006
0 0.5161168871699217 0.7919850504440971 0.0737023271096728 0.10510565651766228
0 0.49804122280430646 0.6067424420328408 0.061175053570722324 0.1034704336450254
0 0.586447383519769 0.43539922803899833 0.06394549756436803 0.0831761143631848
0 0.761424064120734 0.3903281434354554 0.07493754464226861 0.08636474687674198
0 0.784197316556366 0.30765654400118947 0.045031856330665934 0.07369203005422928