0 0.7321004694547913 0.2719689765675045 0.4404180052645573 0.5066532733927246
0 0.3225209363755 0.24472160665977305 0.441916872751 0.4894432133195461
0 0.6527508753832786 0.7338609965786403 0.43425890885535345 0.5222055480585428
0 0.265050887483527 0.7039949672979107 0.42325777634179607 0.5111407787237248
0 0.8351078156676035 0.3848405992202779 0.14949198165323557 0.1829772266868172
0 0.8935323522629364 0.0864843678787783 0.08004202400410491 0.06186474801081767
0 0.5997050842107596 0.07662120858532193 0.08486587939029935 0.085356792011454
0 0.544024794295777 0.5780842585932761 0.08967155405833438 0.10572383601209037
0 0.7715008753832786 0.7324792152291867 0.12752607806243949 0.16709768801718106
0 0.4294890747427898 0.3637774052753208 0.15252607806243948 0.16738858935390813
0 0.19252838846548564 0.05635744597391029 0.08482042759490124 0.077544292011454
0 0.48951247277444104 0.07165299260027577 0.08002384328594588 0.058739748010817695
0 0.3906321495837754 0.6681563699475024 0.1383999455488821 0.15628745735199914
0 0.15706969495970696 0.5419591386457737 0.09901019262201594 0.09958292401336308