0 0.3565916789490284 0.7412846765942043 0.49274215881305594 0.5105556203179036
0 0.7558181613785072 0.6717384913928435 0.4883636772429856 0.5464931203179036
0 0.2969536140757989 0.29534718321762626 0.4895457300514588 0.5744544292109109
0 0.67852961597566 0.2446502679713493 0.47580923195131997 0.4893005359426986
0 0.22474096048416725 0.6864657457388308 0.1685357137152085 0.19791668874473983
0 0.25563316346579945 0.9723387583527024 0.08528418977951394 0.04200893992586607
0 0.5411154153656605 0.9092013189749905 0.09433318787965277 0.09540675843752063
0 0.4475192713702434 0.41519091334736036 0.10105596656500015 0.11593751324684387
0 0.18450881867295169 0.3352405516366133 0.14626067021222236 0.17996529691210786
0 0.6195793753780561 0.5851065653467934 0.16977090539458342 0.1839087524470706
0 0.9374981464639589 0.8070063248806221 0.09258884992375016 0.0875396947351895
0 0.6483642177023619 0.8812176735141615 0.08433993882958343 0.0685168762235353
0 0.5679746288934377 0.28275538086322277 0.15385496466513898 0.17086311542376223
0 0.8287679649494795 0.33463530627630067 0.10872299620027803 0.10996033175849824