0 0.26015625 0.2953125 0.46328125 0.4015625
0 0.3625 0.17890625 0.16328125 0.1296875
0 0.07890625 0.4359375 0.07265625 0.07578125
0 0.06875 0.14375 0.05 0.06328125
0 0.73671875 0.328125 0.47734375 0.384375
0 0.58046875 0.45390625 0.08828125 0.09140625
0 0.7109375 0.21640625 0.14296875 0.1265625
0 0.725 0.7109375 0.459375 0.38125
0 0.68125 0.60078125 0.14140625 0.13046875
0 0.57734375 0.8390625 0.09921875 0.084375
0 0.265625 0.69296875 0.4484375 0.38359375
0 0.07734375 0.54921875 0.05234375 0.078125
0 0.37265625 0.58359375 0.14375 0.13515625
0 0.08984375 0.8453125 0.06328125 0.07109375