0 0.29784710985982427 0.7037720793682256 0.5055777679217413 0.5305271253978152
0 0.19391920208025598 0.581551086688408 0.16698862087727823 0.18619313335454457
0 0.4167090438771647 0.9081425007160886 0.09085178413027997 0.08537497334499947
0 0.12445365444286068 0.8633636133434086 0.07377069994353028 0.06019316000954511
0 0.38579109976000364 0.25666181671704313 0.4903321995200073 0.5100509933959062
0 0.49277538908136814 0.41795440006363344 0.11060284200867017 0.10278064934754472
0 0.27118256818997255 0.2459595793682257 0.15955555247554418 0.16580790802036277
0 0.7613809683946753 0.3235344274347226 0.4772380632106493 0.5240407680617244
0 0.6502168917827913 0.34639866808558695 0.16249854195220054 0.16271927068745368
0 0.8757768758566014 0.49267587344840374 0.10655237884037305 0.11366360534690863
0 0.692393041387503 0.7571328893618624 0.48482565216496065 0.48573422127627525
0 0.5288751149097346 0.9305271253978151 0.08975972099021767 0.06662497334499946
0 0.5974229046546222 0.6463617580760419 0.1674590577372161 0.16746131468808995
0 0.8248547438206948 0.9675175007160887 0.08552724729857672 0.06496499856782272