0 0.6771027881846525 0.23723707205503333 0.45204442363069486 0.47447414411006666
0 0.8000116516917706 0.30694681589494754 0.14778680262104196 0.1784573606144388
0 0.5255981056233333 0.05658475046333615 0.08306837955902786 0.08096231252120449
0 0.816278310220486 0.0195212766405379 0.06846036569131968 0.0390425532810758
0 0.675403856670173 0.6969220298674308 0.43685583472486156 0.524216327033993
0 0.5397235426499648 0.556465699374877 0.1006559230620141 0.09875001324684404
0 0.7848340612673258 0.6571923525554364 0.14266289152687506 0.15954366950744614
0 0.2921003941892355 0.7313838869384905 0.43173192363069485 0.5053026359270001
0 0.39958689228937444 0.6745485551799923 0.1472776563445141 0.1565823606144388
0 0.15463937462194394 0.6003571201482676 0.09466049620027786 0.10946925843752045
0 0.2808992822007289 0.2735540287711225 0.433039850492431 0.4944196996293311
0 0.4121168338718403 0.0691343688823232 0.08419446846486114 0.06226687622353535
0 0.3966132415475344 0.3663094692451429 0.15047539152687522 0.15981648801910042
0 0.11747582788791658 0.1176735949205241 0.0781626740119445 0.07142362141421196