0 0.2609375 0.28984375 0.46953125 0.3984375
0 0.259375 0.7 0.46171875 0.39921875
0 0.73125 0.33046875 0.4921875 0.3890625
0 0.72734375 0.7203125 0.475 0.3796875
0 0.365625 0.17734375 0.1703125 0.13359375
0 0.0640625 0.14375 0.0546875 0.07421875
0 0.0765625 0.4375 0.07890625 0.07890625
0 0.58046875 0.45234375 0.0984375 0.08046875
0 0.7171875 0.2125 0.15546875 0.1140625
0 0.37578125 0.58359375 0.1546875 0.1390625
0 0.0875 0.8453125 0.0703125 0.078125
0 0.0796875 0.54765625 0.0515625 0.07421875
0 0.68203125 0.59765625 0.14453125 0.12421875
0 0.5734375 0.840625 0.09140625 0.09140625