0 0.51875 0.5396973508261559 0.575 0.654454442457755
0 0.5828125 0.6476164890305908 0.5 0.5815228847458738
0 0.34296875 0.5223982673383772 0.45 0.7454018462712865
0 0.8140625 0.288251445831498 0.371875 0.576502891662996
0 0.7828125 0.23047608513224122 0.4328125 0.34792664554564706
0 0.4796875 0.16888886533894415 0.259375 0.3377777306778883
0 0.3171875 0.10541913158101295 0.18125 0.2108382631620259
0 0.14453125 0.3144841075343958 0.0671875 0.05390873920022674
0 0.2140625 0.25814977278067275 0.0625 0.04437004809323426
0 0.39140625 0.23476929256612059 0.0984375 0.05500001324684387
0 0.41875 0.6994394277753306 0.0609375 0.056815484390903316
0 0.32734375 0.7120064043616857 0.0671875 0.05078373920022674
0 0.5078125 0.8377355467424717 0.0671875 0.08515873920022657
0 0.6265625 0.29608870536532683 0.0828125 0.0700793762235353
0 0.7140625 0.4274081380347988 0.0734375 0.09475199400955034
0 0.5390625 0.026103637254976636 0.0859375 0.05220727450995327
0 0.64609375 0.13993790908619114 0.0828125 0.08882937622353534
0 0.69296875 0.009676295287268417 0.078125 0.019352590574536834