0 0.15662804889768608 0.17183845771105907 0.2972463676042167 0.17773101085413384
0 0.39373145946808985 0.21323249886834622 0.2194741946765233 0.14403104025277597
0 0.6172644599623814 0.22259861205190073 0.22221719269935694 0.1348198145630355
0 0.8639312129281309 0.2214333389848367 0.26042284684397005 0.07757388059640906
0 0.7987744451336338 0.3025737963572115 0.18197419467652337 0.14206574852966192
0 0.9032271817877608 0.37146431648359945 0.04071784190105419 0.042672178878243816
0 0.9349520256659816 0.32302017243106473 0.11366986364988421 0.1494002137039529
0 0.09221670971523564 0.4546642458161285 0.18443341943047128 0.14444712008095947
0 0.028837300627706647 0.3419728160333736 0.057674601255413294 0.06248671189493056
0 0.028837300627706647 0.3528693724558087 0.057674601255413294 0.08444359905006031
0 0.08008610077971222 0.2984994549975256 0.16017220155942444 0.13639560266810494
0 0.326664681787761 0.341247956240721 0.27310853064607843 0.1593152035271876
0 0.5938840152858582 0.3544694097679086 0.20384919467652338 0.14321216870147851
0 0.6978910829666246 0.43429742989429665 0.27856003460041096 0.17831086499257687
0 0.9102000819780415 0.4501215829919428 0.1524776956651067 0.14519739258219672
0 0.2642363245636676 0.45149938150092017 0.21909219269935692 0.13465604025277605
0 0.4634603917501424 0.5386662680902231 0.2199543557412186 0.11755042740790582
0 0.6564782212939069 0.5667890253263124 0.1851628616727176 0.14379202283992143
0 0.4634378285180002 0.4431490502023987 0.1836985207602467 0.10785452283992143
0 0.7655375449061723 0.6186967633405247 0.04709517589344294 0.04612472749876275
0 0.8217212193167406 0.584844063770066 0.1532761917107738 0.1265292797373263
0 0.8638423937273089 0.5502543798034395 0.22751218775644091 0.11170986318355461
0 0.07851368327063572 0.7079153985750904 0.15702736654127145 0.15020579715018095
0 0.02973927294737776 0.6024566146538926 0.05947854589475552 0.05845430913596843
0 0.042191522700231965 0.6051688568519765 0.08438304540046393 0.060337713703953
0 0.0614495293731684 0.5467765027135335 0.1228990587463368 0.06995173111680746
0 0.28856652661738363 0.6806037053362098 0.281494033611828 0.17378713930283637
0 0.2554104698110321 0.5528162200355309 0.1696360207602467 0.1071175384437538
0 0.5749642830431743 0.6650793611473895 0.2728538626613009 0.1530652035271876
0 0.7294342657429687 0.7553812138154945 0.2680045365775774 0.18711265490666856
0 0.8724547538799705 0.8192467192425614 0.039219008897248386 0.04415279172311415
0 0.9097120147543855 0.7695266802329809 0.10860036167271758 0.13977955223856373
0 0.9300802059708676 0.6539393017842784 0.08838602076024671 0.10285940637700648
0 0.8079704426249948 0.7109561844168524 0.10886034684397003 0.06963082654882306
0 0.7631646200013126 0.6577183197629598 0.059595175893442945 0.0467798247398008
0 0.8089400350203405 0.6679464908392875 0.15554434585538673 0.06739994120271575
0 0.09299533593237409 0.8150661572815178 0.18599067186474819 0.09888231456303558
0 0.14297815950745849 0.8334719985296619 0.06772601087441492 0.0550017605154494
0 0.21580816445037437 0.8138013076656305 0.1486523587069682 0.1278461182719372
0 0.3873966629674996 0.8298401447299032 0.2184210306460784 0.15644915309764612
0 0.5152470903438173 0.7856508107178483 0.2134788626613009 0.14995349163225705
0 0.8353420730436116 0.8846327018297069 0.20783635771838505 0.1262703301668676
0 0.14273937346135365 0.6087619255988834 0.04259867688202616 0.05056656603337366
0 0.15002263285289383 0.5645172806418376 0.056655859695551314 0.12770227611928178
0 0.6107240750207781 0.8634659514910228 0.25177735870696816 0.13325067051050077
0 0.2377533734985347 0.2175847269329359 0.07930018083635879 0.07119997060135788
0 0.5264378942216004 0.5302230042954131 0.06485567885919252 0.06108798620519007
0 0.11809485912689763 0.6755842554270669 0.0679170118629981 0.05968926051544958
0 0.56446318175058 0.7498671189493058 0.06348417984777566 0.06569359905006031
0 0.9709120888981235 0.4204207948868735 0.030417011862998323 0.057723968792335614
0 0.6538784392021347 0.3231651780852743 0.06485567885919252 0.06108798620519007
0 0.1589691403044487 0.13359815128862396 0.10873301285158128 0.06650582654882316
0 0.40697160570403756 0.3110082575747735 0.10248301285158128 0.06617827792830414
0 0.7730475918638732 0.39595862618539496 0.10567167984777548 0.06790455223856365
0 0.3755372860089238 0.6405353052907813 0.10548067885919252 0.06321705223856355
0 0.07513272079961532 0.5386707536180446 0.10866934585538687 0.06494332654882307
0 0.33826005087485245 0.1719623677061103 0.061412343878220546 0.05311171189493056
0 0.7734852850575216 0.26993171472000566 0.06460101087441501 0.05483798620519007
0 0.23160555528629567 0.5413907191310198 0.06453734387822055 0.05327548620519007
0 0.5548082919404228 0.621745440975573 0.06434634288963732 0.04858798620519007
0 0.6528663789357422 0.21350357304232018 0.07423067885919252 0.06157930913596861
0 0.9122413789357422 0.22709684079385895 0.07729201186299797 0.06018058344622812
0 0.9484083947158919 0.5499887861804462 0.06511034684397003 0.06733798620519008
0 0.5031688319780414 0.42878997908064254 0.07410334486680377 0.05845430913596861
0 0.12118666152180588 0.42677826322898305 0.07423067885919248 0.06157930913596861
0 0.43101667038187336 0.7968948479184066 0.0742943458553869 0.06314180913596842
0 0.9189504104960416 0.8694414710515836 0.058669345855386724 0.06232293758467122
0 0.6452833947158919 0.5341026780852743 0.04785917984777566 0.06487472749876275
0 0.2396329139932638 0.4212419934412793 0.04734984387822054 0.05237472749876275
0 0.17605984532391425 0.34823053934826487 0.045787343878220546 0.052292840343633
0 0.17571901673155188 0.7216647173219976 0.04553267589344294 0.04604284034363317
0 0.2366817385569314 0.8587386714150119 0.04371550790866543 0.03971095318850324
0 0.05468886410699456 0.2526170669378847 0.06278384288963737 0.048506099050060314
0 0.3523517954004639 0.5946938608087053 0.040335839923887826 0.033297178878243724
0 0.8303879065788902 0.4874334752354553 0.039219008897248386 0.04415279172311415