0 0.17410039271557945 0.1639391190870915 0.2970521594086269 0.1790932282883512
0 0.4125778710079671 0.20721025250863895 0.21958037727617316 0.14472354547482597
0 0.6360608351145898 0.21787713296443698 0.22243259263643722 0.1354758794672148
0 0.8755970450645773 0.21840235087266482 0.24880590987084544 0.07906405338349139
0 0.8217913981258558 0.298795505017278 0.18208037727617316 0.1431955375661606
0 0.9291469085506971 0.3679367772603994 0.040244566772189926 0.04221667490485981
0 0.9507023451437195 0.32064528319189844 0.09859530971256092 0.1495781887450242
0 0.1175765742275301 0.4472344387450242 0.19775084138279597 0.1453947075281045
0 0.05262987265731974 0.33378209239534573 0.06271060015828456 0.06342051285158128
0 0.052166871403678504 0.34468775889724856 0.0649095976510021 0.08535917984777566
0 0.10287391356526199 0.2905706032697607 0.1631485208496825 0.136181533611828
0 0.35231162391096094 0.3350686556646689 0.27467705423577743 0.16101439034162973
0 0.6195900521242063 0.3490807120139099 0.20395537727617316 0.14408687551288218
0 0.7272865433487178 0.4299407342570313 0.2799101235152495 0.17995539133021285
0 0.9314953555685609 0.4471295287432741 0.13700928886287828 0.14660969764227277
0 0.2954060575344827 0.4443362263111849 0.21930759263643712 0.13534854547482594
0 0.4992872269722394 0.5322367688202613 0.22036998746358769 0.11822471247102051
0 0.6928924744649569 0.5619746428502687 0.18525084138279588 0.14488537155854928
0 0.49419289852156717 0.4376100183259698 0.18259720282385175 0.10732170456235508
0 0.8044353797169487 0.6141194160819733 0.046585494985435 0.04559634288963732
0 0.8588811873179385 0.5812233444468742 0.15354620031656907 0.1279870316346617
0 0.8926207236735341 0.5469730198460255 0.21475855265293192 0.1122930474519924
0 0.11007527744709308 0.6989733522811775 0.18387019780928665 0.15107170456235508
0 0.06254339640999615 0.5940338428896373 0.07507420783841652 0.059242348821136305
0 0.0704468246232415 0.5974771778706093 0.10788670783841652 0.0605793557412186
0 0.0874464565182683 0.538084931824942 0.14565949247815263 0.07148236364988403
0 0.33173131710139414 0.6736708992388782 0.28129076708875883 0.17376905832640724
0 0.29211122446495696 0.5456440583264073 0.16858016693047428 0.1083112015966055
0 0.6169413913954311 0.660321959542452 0.27293269780928675 0.15470072334543533
0 0.7756237210997446 0.7502824091618912 0.26768290815498563 0.18882105536065782
0 0.9218826071514066 0.8155466063098723 0.038772994985435 0.04527800790866543
0 0.9510105425240415 0.7662296972223434 0.09797891495191706 0.14020318874502422
0 0.963250298165427 0.6505556176785788 0.07349940366914609 0.10350168479069151
0 0.8516262799543755 0.7073401754735136 0.10972199247815269 0.07001802273741298
0 0.8048134644358271 0.6539313325838761 0.05913095909205772 0.04766817885919252
0 0.8503760170222519 0.6643714254735136 0.15489810015828454 0.06717686562705047
0 0.12959581875074674 0.8066731057412186 0.21518238229073816 0.10084621148243719
0 0.1949169418702849 0.8257215360832859 0.06712531551854846 0.05423651384016424
0 0.266913962324256 0.8060258014063251 0.14885870031656917 0.12779603064607842
0 0.4383032290173034 0.823153587489611 0.21838159012915473 0.15715987847863175
0 0.5634563417120003 0.7798731141813567 0.21351223370266403 0.15071887749004845
0 0.8878773316828706 0.8804885153974013 0.20814277210332363 0.12709037650146512
0 0.18290136051661882 0.6004987015966055 0.04203438730530311 0.05009284190105419
0 0.18787836553118376 0.557003369581383 0.0583246285298145 0.12722834486680376
0 0.6632721367765777 0.8580710514435061 0.2520291644231918 0.13356055239490808
0 0.2566233877010145 0.2109998028891998 0.07856292069139795 0.07186968281352524
0 0.5614917102791919 0.5246271986680371 0.06574467194503911 0.060422846843970035
0 0.16144154915470546 0.6675124466536897 0.06882420783841652 0.05898768083635879
0 0.610802703153056 0.7443467910633828 0.06280152837152997 0.06654551285158128
0 0.9918107299417404 0.4183307080967582 0.016378540116519246 0.05733233893530461
0 0.67801030588513 0.31868755786929676 0.06574467194503927 0.060422846843970035
0 0.17454902210332376 0.12572153608328587 0.10963106426490725 0.06689302273741302
0 0.4302403956185733 0.30469008897248573 0.10338106426490726 0.06663835475263546
0 0.8003232265765281 0.3923399165762649 0.10655152837152997 0.06832818874502422
0 0.4163958221159591 0.6334225840295697 0.10641513605166182 0.06364068874502422
0 0.11141515393184354 0.530478020265955 0.10958560015828459 0.06533052273741298
0 0.35519126834240006 0.1658557406456409 0.0608753155185485 0.0539818458553869
0 0.7943196159934022 0.2664631660819733 0.0640003155185486 0.054109179847775656
0 0.2675742257185982 0.5337197198853942 0.06395485141192578 0.052546679847775654
0 0.5945973784633075 0.6164937050938277 0.06381845909205772 0.04785917984777566
0 0.6709215684215424 0.2091533903788108 0.07516513605166182 0.06236734882113639
0 0.9304329607414104 0.22440961174707974 0.0782446719450391 0.060932182813525235
0 0.975683276259959 0.5480672876405227 0.048633447480082026 0.06660917984777566
0 0.5328007574553404 0.42357669323082964 0.07507420783841638 0.059242348821136305
0 0.15186900620169913 0.418979446159398 0.0751651360516619 0.0623673488211363
0 0.4795132507249158 0.7912788463868596 0.07521060015828454 0.06392984882113631
0 0.9705777221887836 0.8659259496938013 0.05884455562243289 0.06329317885919253
0 0.6802189782258806 0.5286846403788108 0.04713106426490725 0.06434634288963732
0 0.2703462215619631 0.4144431378701718 0.048329851411925785 0.0519100098858317
0 0.2026526047106311 0.34067537403000736 0.046767351411925784 0.05184634288963732
0 0.22211227619345184 0.7144630425090766 0.04502299498543501 0.04553267589344294
0 0.28928070730969113 0.8506353058549493 0.04484113855894432 0.03928267589344294
0 0.07657818652651557 0.24502068133065044 0.06225595909205774 0.047795512851581276
0 0.39088134507721267 0.5879044955885567 0.03997178213245363 0.032841674904859806
0 0.8622896806540208 0.48382176243165176 0.038772994985435 0.04527800790866543