0 0.46205248432933976 0.6064583973597456 0.6703619317988199 0.6962996912766286
0 0.35747212747173557 0.686701391832632 0.6739947716545839 0.626597216334736
0 0.3034834502287498 0.753125 0.6069669004574996 0.49375
0 0.2329111514074301 0.5413790012659444 0.10894120174736122 0.11933533175849824
0 0.13051023717913138 0.6746329561679351 0.08982752583555564 0.10305556733052797
0 0.5516799884134024 0.5181077146902735 0.6479050503399311 0.6705357994439967
0 0.3346938165856594 0.43468754636395374 0.1135195989738195 0.11481152286549072
0 0.43564068037711773 0.3303125596107976 0.11344686379145834 0.11168652286549072
0 0.6450500883371524 0.4369246912766286 0.6296641966164588 0.6917560350160263
0 0.5431278316876387 0.24727685951813042 0.12631053970326392 0.12774803248413757
0 0.7119843216196525 0.38296636677452456 0.5757404160312504 0.7226588054344464
0 0.6477257191304513 0.18759681387196686 0.1250389804327085 0.14019346878180677
0 0.8601516775273261 0.26538454109129417 0.2189721248093754 0.21841272721932725