0 0.3982218969190402 0.49995126261141165 0.592521879866321 0.563031637412451
0 0.2744312098219582 0.4366074726289108 0.5488624196439164 0.5766759667409056
0 0.1959204261367381 0.39145915197327397 0.3918408522734762 0.573331696053452
0 0.38516633807001666 0.2634325072804115 0.10311709172016936 0.0902442866804539
0 0.22591011485537793 0.21373359396881964 0.08878185633066593 0.07445565467854491
0 0.511316186286303 0.5540927752625942 0.5703468709378672 0.5455895987428147
0 0.5200538068204287 0.3220069812619578 0.0969761858759707 0.09642156134627218
0 0.6518162755708404 0.380617817910595 0.09387845941492116 0.09794769867918118
0 0.6188462682672399 0.6137666725811858 0.5980082207757116 0.5193543627466326
0 0.7653645324706994 0.4535002398950049 0.10654210064862309 0.10746814934754471
0 0.694512695621794 0.7089604465706862 0.5958105211000232 0.5724430000795417
0 0.8561883555231823 0.5305525412158236 0.12208528003177221 0.10296246268299925
0 0.8514797159143335 0.7555616318825964 0.18446827759614023 0.18648403469127145