0 0.3546875 0.08671875 0.0921875 0.12265625
0 0.46640625 0.06484375 0.11171875 0.08671875
0 0.36640625 0.3046875 0.04296875 0.11171875
0 0.4125 0.2671875 0.0578125 0.12109375
0 0.1578125 0.54375 0.06953125 0.0765625
0 0.73828125 0.46015625 0.07265625 0.11640625
0 0.50078125 0.7890625 0.0890625 0.12734375
0 0.328125 0.590625 0.08203125 0.1109375
0 0.22265625 0.11640625 0.0625 0.09375
0 0.64296875 0.825 0.096875 0.128125
0 0.56640625 0.62578125 0.0296875 0.11953125
0 0.49375 0.50859375 0.1125 0.240625
0 0.215625 0.784375 0.08828125 0.11640625
0 0.3015625 0.3015625 0.0703125 0.0640625
0 0.37890625 0.1875 0.0390625 0.090625
0 0.5328125 0.090625 0.06640625 0.0765625
0 0.4328125 0.84140625 0.06171875 0.1296875