0 0.1255696199306482 0.665856283275683 0.13114730024766902 0.09917381908544912
0 0.09309526012968523 0.5558591145595765 0.0992080955329393 0.11773292154477702
0 0.34170188812761326 0.6419364733636164 0.11639128742738744 0.050663596212812224
0 0.2997840618250963 0.5976370275201466 0.12798375889134023 0.06478972872636941
0 0.6007987140158454 0.8357945159108773 0.0831079065339754 0.0739011083130606
0 0.4599551586008899 0.2614581121236895 0.12238873035529281 0.07881586729005097
0 0.8108413782028159 0.47978891384433286 0.13725175103345713 0.09608518052176755
0 0.6302935072342011 0.6637013472929667 0.11970037799792799 0.08817268657189174
0 0.1683650496239873 0.7961114098373121 0.10000430810555186 0.06775110226293624
0 0.8330159770455239 0.3350894922013599 0.13761562406898661 0.10389768052176755
0 0.641778855043452 0.42372578708631214 0.12198631596343468 0.036637457649130664
0 0.5321363353987449 0.5025098381195845 0.2526969685684687 0.1264362767345796
0 0.8350238566960819 0.7641002813307756 0.12467897642635144 0.09444995764913067
0 0.3455032843225063 0.7067756781840765 0.0706079065339753 0.07382838544042354
0 0.2242232896991898 0.6363682502945875 0.094225188998964 0.04428633118569749
0 0.11258581472058045 0.487758554352922 0.08296235731976358 0.07077610831306061
0 0.8701115243977089 0.5443054109174665 0.13601458271265762 0.06952268052176755