0 0.2678887037328782 0.1204116706037545 0.11961484496658023 0.1431547776748142
0 0.3709903843338432 0.0706894343987526 0.13162392126547412 0.11546628729346105
0 0.33171324472169894 0.3284672180640166 0.06926028896022576 0.12109623920022675
0 0.36761378855318877 0.2803099710592415 0.0866659772718286 0.13419643992586625
0 0.1873764581938098 0.6133655516366133 0.08595686525911969 0.09357143992586625
0 0.7305558936660388 0.38254950582081376 0.09754893019392803 0.13145338584218225
0 0.5792617694751699 0.7614979397562303 0.11816143912238175 0.14935021397248338
0 0.3640753258885615 0.6150123532732266 0.10689665665497756 0.13021826805616749
0 0.14703646144351595 0.18326138938556127 0.08307732710967279 0.1075248125212045
0 0.7261913165530707 0.7594939517371297 0.12600121266133185 0.15118553248413757
0 0.6035781566516822 0.5871055749654402 0.05837733603812652 0.12383929328391083
0 0.504998560467286 0.49283227450995326 0.16858990746575647 0.26510418874473984
0 0.30140555072475805 0.831393810622288 0.1132557508107789 0.1366865228654909
0 0.2678552962638265 0.34242307985958165 0.08417617694751697 0.0810168762235353
0 0.31560522930042345 0.21177079138499427 0.05950345941492108 0.09889385698624169
0 0.4414801623370204 0.07839031779386409 0.08280459172016937 0.09189981252120452
0 0.5265146448805595 0.8297866374866448 0.0930796185055307 0.1437896947351895