0 0.8079649861970166 0.3065690017823667 0.3595340978697344 0.47397367524374456
0 0.5169752302655175 0.286877593560874 0.35803526486592874 0.4754907111371217
0 0.21410755684353253 0.2636209161390514 0.36227709589256796 0.4646896034569899
0 0.7793969061961417 0.7188249608744244 0.35201075794584646 0.44254181881725374
0 0.489092899770351 0.6967670705996204 0.34289042593062397 0.44851903417751765
0 0.19000414235597712 0.6702717329112412 0.3428267589344296 0.44695653417751763
0 0.8910560119001791 0.42617079645123257 0.1246710306460784 0.14876777210332365
0 0.6342370316346615 0.13172342913768217 0.060231845855386726 0.06105717194503919
0 0.7174142875661607 0.1574615635399914 0.06211268083635879 0.06891513605166191
0 0.3407761917107737 0.10897521707612357 0.06791701186299814 0.058159492478152594
0 0.42676011266130087 0.12680992326518745 0.07786501482874755 0.07249477711788872
0 0.5936570884781942 0.40275499465623066 0.12817803262324468 0.15823370031656908
0 0.8529855979069152 0.8355745401830263 0.11842103064607841 0.14858591567683313
0 0.6837448720900221 0.5596976649519172 0.08287084980971962 0.08044366943775678
0 0.5600831734963471 0.8073348460681565 0.12154603064607841 0.1486768438900782
0 0.39572094866803703 0.5360090785171792 0.06673651384016441 0.06748902837152997
0 0.29450466406762593 0.37469715696785144 0.12336319863085592 0.1549723079967011
0 0.11976335475263544 0.0981981561099216 0.06855368182494201 0.0737844924781526
0 0.9318906230414242 0.16138923093268412 0.06635451186299832 0.05811402837152992
0 0.09181735726127442 0.506525133148668 0.07642984882113639 0.07557431301126591