0 0.2953125 0.228125 0.43046875 0.29140625
0 0.30234375 0.51953125 0.434375 0.2875
0 0.30703125 0.82265625 0.421875 0.2953125
0 0.70859375 0.2234375 0.40078125 0.28671875
0 0.71328125 0.5140625 0.4078125 0.27734375
0 0.715625 0.81796875 0.40703125 0.28671875
0 0.40625 0.1359375 0.13515625 0.10390625
0 0.13671875 0.415625 0.053125 0.0515625
0 0.1546875 0.33046875 0.0609375 0.05390625
0 0.14140625 0.709375 0.0484375 0.0609375
0 0.1515625 0.62265625 0.06328125 0.0671875
0 0.4109375 0.43359375 0.14375 0.1046875
0 0.81796875 0.140625 0.13359375 0.09765625
0 0.55859375 0.33125 0.0703125 0.07109375
0 0.8171875 0.434375 0.134375 0.10078125
0 0.56171875 0.6203125 0.059375 0.0578125
0 0.4109375 0.73359375 0.140625 0.1015625
0 0.1515625 0.9296875 0.065625 0.0578125
0 0.1390625 0.1171875 0.04921875 0.0578125
0 0.5609375 0.925 0.06640625 0.065625