0 0.9303387574143738 0.37138950392443226 0.13932248517125245 0.522247489246633
0 0.8982106428130876 0.8000429652586997 0.20357871437382472 0.3999140694826007
0 0.8485117317483922 0.34752816480163373 0.2460737757403436 0.5276670434232434
0 0.7767958296181267 0.7873203333318303 0.24977709589256775 0.4253593333363394
0 0.714058477299768 0.3202121858940829 0.243938272774594 0.5135317688161376
0 0.6445099116333489 0.7782321236547018 0.22997393186212314 0.4435357526905964
0 0.5762892218625606 0.2880631577723204 0.23319177376317732 0.5177098465663966
0 0.5079675751695023 0.7623662980760559 0.24798910281265024 0.4752674038478881
0 0.43490021790822786 0.2627634431327932 0.23855043581645569 0.49612594499482
0 0.3705657342570313 0.7315262516526297 0.23969644174795485 0.5242509449948202
0 0.29427521790822786 0.25621372849326607 0.24792543581645576 0.49656259263745517
0 0.22879472832553227 0.6968515370131027 0.2540772767289267 0.5327184164587727
0 0.1596946294672148 0.22577274958571522 0.2412642589344296 0.44790676881613767
0 0.11771530688071359 0.6690646772121397 0.20181443977078845 0.5131293544242794
0 0.980562886387297 0.5762610944949728 0.03887422722540599 0.05865156203449331
0 0.8607901917479548 0.5531788513193984 0.0534088428896375 0.04771406203449331
0 0.9132931092384406 0.5595230506574446 0.050729511862998324 0.05850601282028158
0 0.9178016067298017 0.15347425785337365 0.04929434585538672 0.06155823821317572
0 0.966430107718385 0.16041777067365523 0.0441611768820259 0.05040241439185813
0 0.9797385212731289 0.6664494468523376 0.04052295745374224 0.052037688998963993
0 0.8471680435348408 0.6398783306412339 0.04623301285158128 0.062975188998964
0 0.9052033780215212 0.6480397411041506 0.04310801285158128 0.06282963978475227
0 0.7310881042955248 0.5276436962331651 0.03354201186299797 0.057705492142117086
0 0.7091759536109529 0.6022605525194714 0.045787343878220456 0.052037688998963993
0 0.7684700405690912 0.6221771002859411 0.044415844866803764 0.05665241439185813
0 0.7171674561195919 0.992590030188677 0.04715884288963732 0.014819939622645962
0 0.7865051857792748 0.12708507816003456 0.034849843878220634 0.05152826674922299
0 0.6525785133458728 0.09355548655603667 0.04074701680591399 0.08143409057054059
0 0.6970925173002056 0.11434317555500069 0.03309634288963732 0.04676799214211713
0 0.6031249303792483 0.48737395305759074 0.04017401384016459 0.06737159057054072
0 0.6442910998469007 0.502547342842343 0.03960101087441501 0.053309090570540715
0 0.5820086171471062 0.5815220593438969 0.044797846843970035 0.06602741439185814
0 0.6385132851318838 0.5903919451997078 0.04247134288963732 0.04720463978475227
0 0.5912442846747732 0.9666589228689135 0.08025518577927464 0.06668215426217294
0 0.6499162891233975 0.9895356507430071 0.04103617688202608 0.02092869851398582
0 0.513660593383929 0.0714899338271683 0.04607118676785795 0.09727741439185815
0 0.5593232618629982 0.08219414743323816 0.039346342889637495 0.047059090570540585
0 0.5413810281746205 0.1585554402373091 0.037303681824942106 0.0734760413563289
0 0.4603325939154016 0.46590771381095764 0.04368101581733086 0.07689213978475226
0 0.44109711566423143 0.5679410947043697 0.036059516805913995 0.08121576674922296
0 0.4916236976794538 0.5640562694353102 0.04017401384016441 0.06737159057054054
0 0.392873110264205 0.9345249731165826 0.045625517794497125 0.08633991439185813
0 0.4442910302261489 0.9525151478475229 0.057998183802108375 0.08379711124870504
0 0.5261777001880927 0.9719244274170276 0.04278967787060921 0.05501713978475209
0 0.47529038494160325 0.660766449542934 0.03956651878308044 0.09073631596343468
0 0.6788001151327588 0.1821107183590716 0.04100168479069168 0.08768409057054058
0 0.8090725469577007 0.259916848838199 0.035741181824942105 0.07340326674922296
0 0.9165095870325004 0.8489665403183624 0.0833112015966055 0.16919095574818713
0 0.37525200939154013 0.06192438109829992 0.03800401878308026 0.09066354135632886
0 0.41138051038012335 0.06828569706173464 0.05088602076024671 0.10062073821317571
0 0.25444993881938627 0.9054645576912671 0.037049013840164416 0.067226041356329
0 0.30486377429464984 0.9179495951186546 0.05474584980971962 0.08052656203449331
0 0.3004747742574688 0.5231829046719485 0.04999468281352524 0.07874573821317572
0 0.35096686418135664 0.556725304795783 0.037558349809719616 0.07972604135632881
0 0.326741502508639 0.4214770095105127 0.0425641847906915 0.0877568651776464
0 0.2359175953610953 0.06791105376232567 0.04683519072219058 0.11602741439185815
0 0.280674338441013 0.03724540467194847 0.045723676882026075 0.050475188998964006
0 0.2627321047526355 0.1136066974760194 0.04045785672980173 0.11261131596343472
0 0.23716966653908383 0.4048288569054789 0.04492518083635879 0.06915241439185812
0 0.11462343486505362 0.8802376176588458 0.048050180836358834 0.06929796360606985
0 0.17115993634792842 0.8898887535146567 0.06163251977166349 0.09644266046291676
0 0.16742485231835855 0.49203345037150353 0.03886618182494202 0.07354881596343468
0 0.22131385627269123 0.5132577870131027 0.045052514828747635 0.07227741439185813
0 0.10569949064564091 0.35503856451569266 0.046516855741218596 0.10821491439185812
0 0.13799208992388784 0.03761777812176252 0.04785917984777566 0.06461046360606985
0 0.04625809543545738 0.8482020595532941 0.026557182813525194 0.07765411910658812
0 0.08304985231835856 0.4881036215877872 0.05193918479069155 0.08819351282028158