0 0.25 0.06796875 0.5 0.1359375
0 0.74453125 0.06796875 0.48828125 0.134375
0 0.253125 0.20234375 0.5 0.14140625
0 0.74296875 0.2078125 0.46796875 0.1515625
0 0.25546875 0.3375 0.4859375 0.140625
0 0.7484375 0.34140625 0.46328125 0.1328125
0 0.25390625 0.4765625 0.49453125 0.128125
0 0.7515625 0.47890625 0.46953125 0.1484375
0 0.25234375 0.61953125 0.4859375 0.1359375
0 0.73984375 0.61875 0.4984375 0.13359375
0 0.26171875 0.7609375 0.515625 0.13984375
0 0.73671875 0.76171875 0.50390625 0.1484375
0 0.25546875 0.89765625 0.4796875 0.1421875
0 0.73671875 0.8953125 0.48671875 0.140625
0 0.05 0.0359375 0.04296875 0.046875
0 0.45 0.03515625 0.05078125 0.04296875
0 0.4546875 0.16328125 0.0375 0.0453125
0 0.45 0.1109375 0.05078125 0.040625
0 0.0453125 0.16015625 0.05234375 0.03828125
0 0.04140625 0.11171875 0.04453125 0.03359375
0 0.540625 0.02890625 0.04453125 0.03828125
0 0.54375 0.16484375 0.05546875 0.03359375
0 0.5390625 0.10703125 0.05625 0.03046875
0 0.94140625 0.02890625 0.04375 0.0421875
0 0.94609375 0.1671875 0.0453125 0.03125
0 0.93984375 0.10546875 0.04140625 0.0359375
0 0.4578125 0.29296875 0.05234375 0.02109375
0 0.53671875 0.3046875 0.04453125 0.03828125
0 0.54375 0.24375 0.05078125 0.03515625
0 0.9421875 0.2421875 0.0453125 0.03828125
0 0.04765625 0.29296875 0.04765625 0.02421875
0 0.04375 0.428125 0.0765625 0.025
0 0.0546875 0.38203125 0.0421875 0.02421875
0 0.44609375 0.42421875 0.0625 0.0265625
0 0.45234375 0.38125 0.04609375 0.0296875
0 0.54453125 0.43203125 0.06015625 0.0328125
0 0.540625 0.37578125 0.040625 0.03359375
0 0.940625 0.36875 0.08515625 0.06328125
0 0.9515625 0.3078125 0.04609375 0.03203125
0 0.04921875 0.56796875 0.0984375 0.025
0 0.053125 0.52109375 0.03984375 0.03203125
0 0.1328125 0.528125 0.06875 0.0234375
0 0.45625 0.56640625 0.071875 0.028125
0 0.56171875 0.571875 0.078125 0.0203125
0 0.546875 0.52265625 0.0609375 0.02890625
0 0.93671875 0.56953125 0.08125 0.02734375
0 0.94296875 0.5171875 0.07421875 0.0421875
0 0.94453125 0.434375 0.0484375 0.0328125
0 0.646875 0.52578125 0.0859375 0.02265625
0 0.12578125 0.390625 0.0828125 0.0234375
0 0.175 0.25234375 0.06796875 0.02109375
0 0.73671875 0.06875 0.159375 0.05078125
0 0.06953125 0.7046875 0.096875 0.0171875
0 0.06796875 0.66796875 0.103125 0.0296875
0 0.93828125 0.709375 0.06171875 0.0234375
0 0.93984375 0.6578125 0.071875 0.0390625
0 0.5484375 0.71484375 0.071875 0.034375
0 0.5703125 0.66171875 0.075 0.021875
0 0.44140625 0.703125 0.0828125 0.02578125
0 0.096875 0.84140625 0.13984375 0.01796875
0 0.05625 0.80078125 0.0703125 0.03046875
0 0.14921875 0.80703125 0.11015625 0.0171875
0 0.44453125 0.79296875 0.0625 0.03203125
0 0.94375 0.84921875 0.0625 0.03359375
0 0.94140625 0.79296875 0.0875 0.04296875
0 0.546875 0.84921875 0.06953125 0.02578125
0 0.55546875 0.79375 0.06640625 0.03046875
0 0.42421875 0.928125 0.10234375 0.02421875
0 0.078125 0.94296875 0.10703125 0.0265625
0 0.9296875 0.93359375 0.07265625 0.0375
0 0.5609375 0.9328125 0.08125 0.03359375