0 0.24609375 0.1171875 0.49140625 0.234375
0 0.7515625 0.1234375 0.496875 0.24296875
0 0.246875 0.36875 0.48984375 0.246875
0 0.75 0.37265625 0.5 0.2515625
0 0.7515625 0.621875 0.4890625 0.24375
0 0.25 0.61953125 0.47578125 0.24375
0 0.4953125 0.87421875 0.4734375 0.23984375
0 0.04296875 0.0671875 0.03984375 0.06484375
0 0.0375 0.2 0.0421875 0.05
0 0.4515625 0.0609375 0.04140625 0.0640625
0 0.45078125 0.278125 0.05078125 0.0390625
0 0.45 0.2015625 0.0328125 0.053125
0 0.1875 0.21875 0.06328125 0.025
0 0.36640625 0.140625 0.08984375 0.0671875
0 0.54453125 0.04296875 0.046875 0.05078125
0 0.55546875 0.2765625 0.053125 0.0390625
0 0.5640625 0.21015625 0.03984375 0.0359375
0 0.95703125 0.0421875 0.05 0.0578125
0 0.9515625 0.278125 0.059375 0.0421875
0 0.9390625 0.209375 0.04609375 0.034375
0 0.6796875 0.21875 0.0734375 0.021875
0 0.0421875 0.28046875 0.04140625 0.040625
0 0.0453125 0.528125 0.06796875 0.0375
0 0.046875 0.45390625 0.04375 0.04765625
0 0.36015625 0.36796875 0.0828125 0.07421875
0 0.44765625 0.52578125 0.06328125 0.0359375
0 0.4484375 0.453125 0.0375 0.0390625
0 0.565625 0.52890625 0.06953125 0.03203125
0 0.5609375 0.46015625 0.059375 0.05390625
0 0.63515625 0.4640625 0.065625 0.03046875
0 0.9484375 0.43515625 0.04921875 0.03828125
0 0.06171875 0.7171875 0.09296875 0.0390625
0 0.428125 0.68359375 0.065625 0.03671875
0 0.29140625 0.7203125 0.1125 0.02265625
0 0.93984375 0.52890625 0.08125 0.03203125
0 0.94609375 0.6921875 0.0515625 0.0359375
0 0.55390625 0.71328125 0.06484375 0.05078125
0 0.640625 0.72109375 0.1 0.0171875
0 0.8734375 0.61875 0.08125 0.0671875
0 0.365625 0.61484375 0.08125 0.07109375
0 0.30390625 0.7796875 0.0703125 0.03203125
0 0.6375 0.87421875 0.08359375 0.071875
0 0.68125 0.78359375 0.0703125 0.03515625
0 0.30390625 0.971875 0.06484375 0.02109375
0 0.66875 0.96484375 0.09140625 0.04140625