0 0.12406681829988213 0.6390071890550091 0.24373390280522927 0.5469856218899818
0 0.20203571955298724 0.2151336770692215 0.3665714391059745 0.430267354138443
0 0.31194406820168624 0.6940244804394389 0.3687520835233885 0.5566615943003619
0 0.4420794574527388 0.24332619685692522 0.37478391490547763 0.48665239371385044
0 0.6844896712501896 0.26498211160167484 0.365617993164309 0.5299642232033497
0 0.5551764386149951 0.7266035278167624 0.36065778239192026 0.5078146585247133
0 0.8423970991396784 0.5566850169626287 0.3152058017206432 0.5369355924913396
0 0.09567923964826745 0.8640005450024745 0.059684072208706994 0.05623671189493038
0 0.06579927946505412 0.42949607021724506 0.07220225292686624 0.06001680913596861
0 0.2755060775714601 0.47555444142985837 0.05033634328594587 0.0604328889641522
0 0.20117824326250475 0.4606940812985215 0.0596386204133089 0.048424211894930555
0 0.15189690251064167 0.7211679138402385 0.04102497579950315 0.07087906603337366
0 0.12108674316430887 0.5297550197877037 0.08967155405833438 0.10935506784239593
0 0.07228510792027705 0.3353775780191611 0.06127384328594587 0.06100609905006031
0 0.300696454231285 0.37264080337021743 0.0519170240041051 0.06363977611928187
0 0.2388322584860111 0.35087534599784254 0.04559430113146821 0.050812227498762755
0 0.40168067466803503 0.010526984961994652 0.056486349336070066 0.021053969923989304
0 0.3321130632317166 0.005955671642154566 0.04547612646343317 0.011911343284309131
0 0.2764771833504379 0.23949411069716367 0.041070427594901204 0.07869156603337357
0 0.17468093841860344 0.8762714936684219 0.05029089149054777 0.0526203889641522
0 0.4148792124227086 0.924639315356005 0.0551329275949012 0.07942855042954129
0 0.3436672877546735 0.9080526809144086 0.05656816256778665 0.057635437584671226
0 0.33943274306611304 0.5831755116471034 0.09433178298109546 0.10491322930778502
0 0.5149594630118838 0.5302132066950063 0.05197156615858276 0.07301477611928178
0 0.4445333335233885 0.5143668786758451 0.04714771077238851 0.049331614653892505
0 0.5471129119786114 0.41521232643728145 0.048873837235821685 0.07753850180902226
0 0.47984814392643466 0.4054522241078608 0.06760565651766229 0.07539614767057934
0 0.5020953277678519 0.3339523603584794 0.04729315651766246 0.07433161465389251
0 0.5534158914905477 0.025593723994289497 0.048773843285945875 0.051187447988578993
0 0.6009257967316639 0.9336447438955645 0.06290906615858276 0.07358798620519025
0 0.662184441836449 0.5826720641128096 0.05355224687674198 0.07622166327441171
0 0.6630071193331544 0.7240783141128097 0.050663596212812224 0.1166828889641522
0 0.6418880390312197 0.04919782281923686 0.052062469749379045 0.08863977611928182
0 0.801472117290051 0.07678283299600216 0.048782933645025395 0.06191350180902231
0 0.7232395956236368 0.46537502148518434 0.0660704275949012 0.08000176051544941
0 0.752449851771957 0.3817879155377191 0.04277837334017516 0.10377345318850333
0 0.7127095991396784 0.13301290083839803 0.08649201190385672 0.09981629353213636
0 0.5796173815315987 0.6291995833346864 0.09118860226293624 0.10162445499752568
0 0.7239628000513136 0.7240097150627494 0.048882927594901204 0.07910100180902227
0 0.8995748366466465 0.4170592729555224 0.09120678298109546 0.10474945499752568
0 0.8234117915653025 0.35540579997931543 0.05200792759490121 0.07926477611928177
0 0.9094099415418615 0.7643060871798737 0.03789997579950324 0.07071529172311415
0 0.98165504185989 0.40564706015608076 0.03668991628021985 0.10048467887824372