0 0.8945800011316537 0.35891658023596756 0.19151462912607115 0.44223465756743263
0 0.8074972444613915 0.7565407510379665 0.2666850474888651 0.41923811331561966
0 0.7917349621220732 0.32863622891206 0.2628164190401627 0.4346447894943021
0 0.6668246568312919 0.7342569902845995 0.27498222636710884 0.4585917117440431
0 0.5330538444159629 0.684374768406362 0.24415495024782724 0.40571926881613757
0 0.6488414552246683 0.3041178800693518 0.2676676933504222 0.43798811331561965
0 0.5034371019907364 0.26802633044085533 0.24341796585165945 0.39165676881613753
0 0.3848553618288174 0.6569861306885244 0.2615814676606817 0.4408220148871962
0 0.3674929579382017 0.2447429958661708 0.2448985786965297 0.39016704342324343
0 0.25528072648271 0.6162605849889693 0.2325623530067892 0.3927098465663965
0 0.24351654737732362 0.23103371443463935 0.23519603007601067 0.38348039578060833
0 0.14091833333468645 0.5678124305219086 0.22648277136958345 0.3659290227450791
0 0.12064893543696449 0.21103804569955503 0.22968965852471315 0.36763707195929074
0 0.059786678539559525 0.5272302799837894 0.11957335707911905 0.3236644400324213
0 0.9356000695398766 0.4684520920227918 0.08343437697836435 0.1644306811410811
0 0.7187545697670192 0.903293780607471 0.06461577792830404 0.10276543507002245
0 0.8080814998884585 0.6115557367699429 0.05450379353213606 0.08826628742738726
0 0.8846738138856669 0.19103987552123786 0.06503185775648745 0.08096320967712844
0 0.941009023067064 0.20166485236187404 0.060835680687266344 0.0901198858558109
0 0.8010922727283798 0.43263237014455436 0.09560682835784533 0.158762877997928
0 0.7902620725920942 0.17829162655469516 0.06774077792830421 0.10291098428423431
0 0.6650618402320914 0.5745737752307876 0.05343261646291495 0.09756851282028159
0 0.5798016123946443 0.8481975198541042 0.06790455223856355 0.10603598428423418
0 0.44031638851392607 0.8032575091007372 0.057383132066746965 0.08372433664159899
0 0.6556502979431504 0.412129433212505 0.09593437697836435 0.165012877997928
0 0.6387371941433917 0.16976215074751627 0.05187676051544958 0.06788101282028158
0 0.5293224140673811 0.5473841906561031 0.06519563206674714 0.08408820967712849
0 0.3120552696761621 0.7523393260976292 0.06445200361804462 0.09964043507002245
0 0.5088062754419133 0.37376690819111436 0.082212713703953 0.11137845574818703
0 0.4993371794440707 0.13806700269059635 0.05837242198083885 0.07285961124870503
0 0.3815753900958058 0.3329322005809005 0.08369332654882307 0.10988873035529281
0 0.3932897388071819 0.4960486306885244 0.049577276119281775 0.05374573821317572
0 0.3723176560383223 0.12294077047327664 0.056728034825709095 0.07122433664159918
0 0.13835549807943603 0.691067994004144 0.049495388964152065 0.05218323821317572
0 0.1848653279076195 0.7107233684874152 0.056891809135968606 0.074349336641599
0 0.2669219906162042 0.4536150357747576 0.05640048620519007 0.06497433664159917
0 0.18929379409796326 0.10574692411176782 0.04653416327441158 0.055162688998963996
0 0.24587466474474962 0.11168440095240403 0.049904824739800804 0.05999573821317572
0 0.01999329856474818 0.6576455260548479 0.03998659712949636 0.045569365177646405
0 0.06676378109612281 0.6741395132345663 0.043081614653892555 0.048767139784752264
0 0.14590348371879922 0.4280778424325674 0.04669793758467104 0.05828768899896399
0 0.24004298733684384 0.32705468982753355 0.07185506784239584 0.09219180810555186
0 0.12292516564926075 0.09325123221731971 0.05130355042954129 0.05694351282028158
0 0.022210356174607905 0.39409244830458895 0.04250840456798429 0.03782963978475227