0 0.9133955784565975 0.2998294138944664 0.16904877925402814 0.42026233887551345
0 0.9275301604285765 0.7166675729073818 0.14493967914284694 0.41235891066226815
0 0.7643586664125003 0.30330009171200034 0.16566920611576422 0.4092339106622681
0 0.7927460780753478 0.7179081609914725 0.17090221998347274 0.4328078029821363
0 0.6447443359591325 0.6987680529156292 0.15255095706569471 0.38230769780928675
0 0.6177746071419448 0.31152646568946835 0.17039307370694487 0.4109328029821361
0 0.46392290852871554 0.3093920011871342 0.1553486487450698 0.3683361260225321
0 0.49189209289298674 0.7060313204666064 0.161163544071667 0.4169100183424
0 0.3243519154625697 0.31704171364440425 0.15840091356270863 0.36530205423577733
0 0.3511398063238548 0.6964708008705651 0.14295775151861143 0.37265991316955044
0 0.19898889276114612 0.3313506030612784 0.15047931078916693 0.36038723370266396
0 0.22337782902527836 0.6747967261808167 0.14386563487736143 0.34458037727617336
0 0.07500653210381973 0.3378924565847753 0.1423031348773614 0.34453491316955054
0 0.09507099106937555 0.6632561694377567 0.12268031268902804 0.30648934389007837
0 0.9634157218833337 0.40277856914645815 0.061412891526875055 0.1563696719450391
0 0.9047401978507299 0.8671616664017489 0.0412809230620141 0.09644910266556721
0 0.8837496717308337 0.5690962394421447 0.034739982332569495 0.08376724623907635
0 0.8045446424768056 0.15144808669743542 0.0500740416031249 0.07172188730530311
0 0.8630656572944446 0.15002799069578596 0.040989982332569494 0.08394910266556703
0 0.954634908244375 0.12614787298652413 0.04378767401194459 0.06997753087881238
0 0.8118895894745142 0.39993105080405805 0.05970492116215276 0.15007420783841657
0 0.7087236494106598 0.16037079414014052 0.044405923062014095 0.09654003087881238
0 0.7322053555264241 0.5654674710997446 0.030307055470833434 0.09456835391920819
0 0.7504339043477437 0.8454959518994147 0.044478658244375066 0.09966503087881229
0 0.5986895663918409 0.8332734335570148 0.0392820119678472 0.0776536385589445
0 0.6638521329775002 0.4127994606749034 0.05828789152687506 0.15627874373179385
0 0.5586333836430905 0.18567100785105178 0.037355836056041626 0.06198317445232164
0 0.5909991272779171 0.569946719450392 0.04858427678548623 0.07480142319868044
0 0.45533895668444513 0.8127072178010394 0.04277068787965277 0.09336956677218958
0 0.5076203167730906 0.4090343000126353 0.05854115824437507 0.10007420783841656
0 0.41264873641663213 0.1861076138818311 0.043678571238402776 0.06529003087881238
0 0.36995666261277804 0.3980022086298393 0.060067290653194584 0.09855717194503928
0 0.44143488516170193 0.550761147267926 0.04011716014423605 0.04644910266556703
0 0.2841607137152085 0.20032557508545992 0.042079703647222286 0.06368206677218975
0 0.2659491483638201 0.793143560899695 0.040080792553055564 0.04488660266556721
0 0.31765711872854235 0.8008938764182435 0.040589938829583436 0.06676160266556722
0 0.30295361341020877 0.5381438238318188 0.0434603656913195 0.05591503087881229
0 0.10123976415204879 0.2238897925572949 0.03550239532659729 0.04943771034569897
0 0.15807099240055575 0.21695548244902274 0.03713763050895835 0.05260817445232169
0 0.13855084697704928 0.7870944862099465 0.03215918977951393 0.03997178213245363
0 0.19098551595500066 0.7925237837818063 0.033794424961875034 0.043142246239076344
0 0.176536583774931 0.5407112311953816 0.03401263050895835 0.052517246239076346
0 0.2307857130496184 0.42283942108710937 0.05345361474138901 0.08275031551854842
0 0.03259886692559046 0.22657687186589692 0.040189895326597266 0.049574102665567034
0 0.06197016318145898 0.7840854949854351 0.02903418977951393 0.03988085391920837
0 0.04525021618375045 0.5353297462390764 0.03662848423243059 0.030733174452321776