0 0.06546136799809099 0.016354175497895942 0.09095226400381802 0.03128969473518964
0 0.04452906063018349 0.2704141929210911 0.07394657733927246 0.046314494009550164
0 0.057883583306819406 0.19741320253973796 0.07065794533736344 0.0321428666048885
0 0.42660631130650123 0.21263398628981994 0.0926965773392725 0.04696925843752044
0 0.4497272799968183 0.039151846271286476 0.0738738520050907 0.04006449400955022
0 0.5754176233290911 0.051356724308920375 0.07242044000636341 0.049384930307219355
0 0.5553029286282746 0.302319023583281 0.061464758672817865 0.047440484390903315
0 0.5491898359723194 0.22316723692279208 0.07076703333863606 0.04151786660488845
0 0.6529597259707286 0.238514473127794 0.11753294533736351 0.033779777674814146
0 0.9588841039942728 0.07568961323114548 0.0738011266709087 0.033814494009550236
0 0.9601636986394105 0.23439249063580717 0.06762385200509087 0.039846239200226743
0 0.9543580466263656 0.33032254952881457 0.06922271467218125 0.04302580290255768
0 0.44773368726132146 0.5463195055271136 0.04585794000636341 0.04845734736759475
0 0.5509410506047301 0.47567467802978464 0.053688621339908774 0.05029266587924912
0 0.6265859406031392 0.49003976759283124 0.08001476400381798 0.03090774881887377
0 0.9463444572724573 0.48166679471949114 0.052017033338636054 0.04086310217691817
0 0.456910881962138 0.294975260336437 0.058303396005727134 0.044206356986241604
0 0.032971753262276 0.5248015925582713 0.0427147586728179 0.046785719962933216
0 0.05024161660568462 0.45115576143274544 0.09589430267345422 0.053328385842182156
0 0.28448025660409376 0.47105906678237375 0.11758748933799978 0.03846727767481415
0 0.42701320194145725 0.4463368636944816 0.06437158267027261 0.028799611795565026
0 0.5333984672581398 0.5727580091553107 0.055360209341181486 0.05972222958157989
0 0.9543740385900945 0.5976191769334763 0.04589430267345414 0.05158234736759475
0 0.9259206799013683 0.7591915939938518 0.048837489337999786 0.03606647477225664
0 0.5502666992361862 0.7351315235832809 0.05212612133990877 0.050238102176918174
0 0.6673087485678227 0.7517238012580952 0.06749658267027261 0.028908739200226918
0 0.43558658123809535 0.717058591461963 0.04585794000636341 0.04845734736759475
0 0.03339737257323157 0.6897271881117677 0.0458397586728179 0.04689484736759475
0 0.10817010590391352 0.7118774958236488 0.09567612667090888 0.03457838584218216
0 0.27724627522282325 0.824074939377712 0.03671929734245412 0.06844246515360979
0 0.6857400278883233 0.8469370975372309 0.038172709341181485 0.059122028855940555
0 0.6778900705363242 0.9796317413732204 0.04275112133990877 0.04073651725355916
0 0.2678792712046877 0.9573958708660577 0.05219884667409058 0.05648810217691817
0 0.5950144832113693 0.9195809346532066 0.08048747867599956 0.07153274881887342
0 0.40509746053473333 0.9837959078006235 0.09414998933799978 0.032408184398752836