0 0.09904083130638905 0.1909994215493278 0.0793978656913195 0.056960705331134065
0 0.123185539703264 0.11993676379005355 0.0743830573706945 0.042761813011266005
0 0.48723116232843766 0.17579534105359157 0.09822060087368065 0.060631274610606224
0 0.5333580138677083 0.01625417115361638 0.07921602773541672 0.03250834230723276
0 0.6574501305089584 0.032467575218473925 0.07947060087368066 0.060085705331134054
0 0.6022223423243058 0.2795531753767585 0.0684603656913195 0.05664245658477522
0 0.6073988451740974 0.19966108689695644 0.07616376291777768 0.05218227711788872
0 0.708089829406528 0.22643888407310486 0.11987739532659739 0.05189277210332381
0 0.9881929438635766 0.2564911307743995 0.02361411227284691 0.04930131802583091
0 0.9791095378034029 0.350536647467447 0.04178092439319414 0.05301735141192587
0 0.461365525454306 0.5088040693459792 0.052798998100139015 0.05462531551854859
0 0.5741551597629865 0.4507976895625235 0.06224673328249999 0.05802310015828453
0 0.6465938574262852 0.4729250906578802 0.08219555737069442 0.0429891335443795
0 0.965399062023438 0.4996106449601645 0.057341027735416716 0.04851170783841656
0 0.505619446047778 0.26047421793405334 0.06526263050895835 0.05342652837152997
0 0.051716462099687874 0.4417639511744989 0.04963763050895838 0.05297188730530315
0 0.0797674204965628 0.370587633148668 0.1030899388295834 0.06858016693047428
0 0.30911073480111145 0.4162936235817566 0.11998649810013892 0.056580272103323816
0 0.4550953820275698 0.40735522961253584 0.06649782218833344 0.03940949247815269
0 0.5427252814382296 0.544743917854911 0.06558993882958326 0.06748902837152997
0 0.957152763770799 0.6155538937065232 0.05443423328249999 0.05779577962517131
0 0.9068650890932645 0.7725911553850058 0.05410692496187508 0.043733279625171304
0 0.5371325109210077 0.7075167024946472 0.060684233282499986 0.05797763605166182
0 0.6511774803357993 0.7370330547645028 0.06962282218833345 0.03950042069139794
0 0.4253949239150353 0.6763696540648576 0.052798998100139015 0.05462531551854859
0 0.034404941582465785 0.6048777166139051 0.04182513050895838 0.05274456677218975
0 0.10157491099725749 0.6357579920824412 0.09796602773541671 0.04969377461060631
0 0.25312184004319505 0.7650326519532864 0.04854790919430556 0.07323892319868044
0 0.6557578371934035 0.8330586086045688 0.04832970364722229 0.06386392319868044
0 0.6290342958746189 0.9612661766303997 0.05098192496187508 0.04364235141192587
0 0.22570796770236184 0.8971692020324287 0.06082970364722229 0.06422763605166182
0 0.5563585556582646 0.8953660434817318 0.09247974715020835 0.08232441818411544
0 0.35804899543777857 0.9402252170761235 0.09803876291777787 0.052818774610606314