0 0.3484375 0.3109375 0.26640625 0.17578125
0 0.21640625 0.49140625 0.3765625 0.18046875
0 0.05546875 0.384375 0.1109375 0.10234375
0 0.0734375 0.66015625 0.146875 0.0984375
0 0.37578125 0.70703125 0.4125 0.3671875
0 0.67734375 0.509375 0.52578125 0.33671875
0 0.8921875 0.39140625 0.21484375 0.22734375
0 0.8125 0.7640625 0.36796875 0.29453125
0 0.51640625 0.54375 0.1375 0.09375
0 0.18984375 0.67265625 0.11484375 0.08671875
0 0.3328125 0.80390625 0.29140625 0.140625
0 0.653125 0.428125 0.0984375 0.07578125