0 0.396568976040128 0.2810064253431247 0.3015302208490434 0.220790504368403
0 0.2471212548381488 0.44172898584795117 0.4138327997741211 0.2468101033422226
0 0.09733481548854943 0.3145696866453819 0.13191639988706055 0.12165940729444458
0 0.10163299154279488 0.5898424435792361 0.14138240514873238 0.12344011284152785
0 0.3852183072431058 0.6771190123490969 0.4904694364364148 0.43740004217180584
0 0.7033283037909621 0.52104431820118 0.5933433924180758 0.42893553837208387
0 0.8992627945830364 0.4324136568226729 0.2014744108339272 0.2645028303564585
0 0.7993561944348033 0.7915185127303465 0.40128761113039335 0.3580021764804865
0 0.5411813389543113 0.5342379152751384 0.15664338410204498 0.11755378875333342
0 0.20262634414539593 0.6180018515392707 0.13422235253201392 0.10766964247680555
0 0.33259310715840124 0.7675271132227776 0.32011362087727824 0.19157578305375011
0 0.6888915258848363 0.4377051413394438 0.11456229991529536 0.091608231382639