0 0.28592508900274255 0.655799762871831 0.20018706363895858 0.2878471524473092
0 0.45367302061413134 0.8044658695618603 0.21686803020395864 0.39106826087627944
0 0.3321402466784367 0.9469722524896615 0.11366506933854179 0.10605549502067682
0 0.6072675332475687 0.9464324681476203 0.11108558320625014 0.1071350637047594
0 0.6828000890027426 0.6789150993364806 0.405495425530556 0.46052433120297775
0 0.5143469086256248 0.3538332573983976 0.386166156913195 0.5686252575395719
0 0.41544120241295135 0.1329376574972196 0.24724259517409736 0.23129331555913663
0 0.7803375441685763 0.25276139399010417 0.32780553020395864 0.40762757338105715
0 0.5332027453472565 0.5184340836926393 0.1064708183886113 0.1497563472703419
0 0.6316700808346174 0.8589974414863251 0.09814917211208343 0.12742632096198286
0 0.7753863260849647 0.7343754150367915 0.16792007750666685 0.30937354195220035
0 0.43109799753145805 0.3677599785297896 0.0836502610179167 0.10785727360693613