0 0.7516404608654168 0.28922234099312566 0.4492441191097921 0.380568160712917
0 0.373840809554896 0.1937571853142017 0.447681619109792 0.38053179312173646
0 0.3181051815144796 0.48292748166697946 0.449244119109792 0.380568160712917
0 0.69352471523382 0.5767755859591326 0.45414982465687537 0.3900522634864586
0 0.634300411281598 0.8405198164887502 0.44982469414791704 0.31896036702249975
0 0.25637412661232706 0.7828898076550349 0.4526600598392365 0.39314089589527834
0 0.3656451434267362 0.11001796494947946 0.11849803970326392 0.1261287017473612
0 0.23234494699770852 0.25371080072118074 0.07859908510611122 0.08928201196784728
0 0.7403925299196181 0.20853538544604228 0.1168991721120836 0.12452983415618064
0 0.6141053996950003 0.3516106253780561 0.08328658510611113 0.08939111474138901
0 0.6846023504924309 0.49536193179882 0.12344011284152785 0.13717530452090293
0 0.5489765878589935 0.6397814661837504 0.08797408510611113 0.08950021751493065
0 0.309273735751042 0.4054200775066669 0.13750261284152784 0.13750261284152784
0 0.17822637034406294 0.545261214665139 0.10236389342673617 0.10389002583555573
0 0.6241246710652437 0.7820793753780559 0.1391014804327085 0.1391014804327085
0 0.24550740216354222 0.6850335359035419 0.14531511284152784 0.13768445079743064
0 0.1146964260992368 0.8350309230620139 0.08154224715020839 0.08154224715020852
0 0.49483982740975774 0.9305506301277088 0.09280705547083343 0.0958593202884721