0 0.43658907426370835 0.8405143530485031 0.4742319813290182 0.3167896077238851
0 0.6960379866007289 0.9327644438003663 0.230143241882325 0.11695219242562409
0 0.3562764626580367 0.6261160306434045 0.2314990105500115 0.28413060206654456
0 0.5448480389569305 0.5968910971947707 0.24687854869945838 0.2701590056573407
0 0.7657645109537533 0.5854485613850049 0.254963784088962 0.2858294574527388
0 0.689270600241586 0.27648717272312745 0.36800925486796887 0.31773396330647136
0 0.20496773822887718 0.23867563885826915 0.4086808936660387 0.4101487222834617
0 0.11311147483619659 0.21342617486442675 0.22513200811437956 0.3668976502711465
0 0.3707836530015296 0.24864956079582967 0.3516945081143795 0.36763396935659554
0 0.5078978693163095 0.2705104043763631 0.3053456136342666 0.3079953489432866
0 0.6733750446422687 0.08428305464750957 0.2092500892845374 0.16856610929501914
0 0.5904807240254177 0.07990462685621658 0.2559614480508355 0.15980925371243315
0 0.8040795738632619 0.05280125049097932 0.31128414772652385 0.10560250098195864
0 0.7878660129856435 0.1954366397420319 0.07932503571381488 0.0692045179539809
0 0.3236438258918568 0.14422568120913856 0.08113299756436802 0.08327610831306051
0 0.14420969602224046 0.07026198214421497 0.06542617694751698 0.07849770472226432
0 0.09980077150706017 0.39086537363476276 0.06811480032431154 0.05351588544042354
0 0.06231836241645065 0.34732899707313375 0.06655230032431156 0.05350679508134402
0 0.30744963027335814 0.3802813558771736 0.06496252678536125 0.051935204722264317
0 0.23336724796810984 0.38852564793345545 0.06496252678536116 0.051935204722264317
0 0.6710915702098139 0.1750201214934634 0.06353639448011279 0.05973861436318471
0 0.4091075876596843 0.38515923253699846 0.060165932629559826 0.04565793364502539
0 0.7127824180190633 0.05679684143923412 0.08031479139585791 0.036401108313060516
0 0.4855125803560837 0.1518785790443981 0.05435230925276535 0.07062157220870699
0 0.6049444188298422 0.1902502117543472 0.04484094155801355 0.06275453005422929
0 0.30598436200941354 0.5201478317748727 0.05057274431795715 0.033103391490547904
0 0.490854239850435 0.502664374223938 0.06151024431795715 0.033167024004105095
0 0.6970769663114846 0.4999019468254284 0.0692409237011061 0.02852497579950324
0 0.4039208502382907 0.7594461602300956 0.07894320616851011 0.0473295179539809
0 0.6184760482891261 0.9207144165748072 0.061482970779006864 0.03160452400410492
0 0.27777318181219035 0.8734728196746243 0.055205697240056396 0.030005662567786827