0 0.479305554083684 0.2703125 0.958611108167368 0.540625
0 0.14461555163661327 0.17041863486724124 0.2166269940095502 0.08215987847863167
0 0.7567013785857881 0.04562033984952574 0.2305258029025577 0.07804538144438115
0 0.15779507559841238 0.46321362992432535 0.18090774881887364 0.08694553756616052
0 0.8127058088081893 0.29610315950745847 0.16339286660488844 0.07687020060802237
0 0.500409128416152 0.7051385557805874 0.9668800313878293 0.5667708666899957
0 0.1317261050025071 0.6288850508748525 0.12233135698624169 0.06271485870696818
0 0.8157414956540127 0.499595574032195 0.1272916754978958 0.07071835969555132
0 0.8283133844066018 0.7651104860854734 0.16689981252120453 0.08793503460041112
0 0.1733034474759605 0.9127215400004374 0.12244048439090341 0.06583985870696836
0 0.6264930010963083 0.37858403156029946 0.24960318511654284 0.08818438539871387