0 0.27109375 0.471875 0.5421875 0.94375
0 0.06307506604727389 0.73203125 0.07966608260730731 0.2140625
0 0.17455606763011952 0.12265625 0.07538775956691142 0.228125
0 0.34779339535587595 0.80078125 0.08487040815498563 0.178125
0 0.4342349445105814 0.1390625 0.07499530298213611 0.1609375
0 0.7111728999082224 0.52890625 0.5555398562934766 0.9421875
0 0.4965287605578553 0.87109375 0.06131323620994635 0.1203125
0 0.6295641648854102 0.1921875 0.0692621285298145 0.125
0 0.8879245826738142 0.25390625 0.08602373119538172 0.1640625
0 0.7828921578922883 0.91015625 0.06443823620994635 0.1203125
0 0.44332748502281216 0.33671875 0.08530832884638358 0.246875