0 0.6837920459890141 0.5773991697669612 0.6076285758768828 0.6015604323033734
0 0.5739600564138555 0.5093047361434394 0.6021227219576746 0.5732990399835053
0 0.4567558360390266 0.4527244640401157 0.6003783655311837 0.5670035758768828
0 0.3245246945770884 0.6169878893503672 0.09790395407749282 0.0918358105039836
0 0.4594476123654925 0.6826847486798517 0.1079154515702104 0.11398359514371954
0 0.7832775689502678 0.624862854644124 0.41498643481065595 0.5803433471887836
0 0.5934756198873399 0.752265125956025 0.107688131037097 0.10617109514371954
0 0.7451457684754141 0.8067206084050478 0.1117391335443795 0.0844324874635877
0 0.3529692579840658 0.3918431368430847 0.6057645475053528 0.5374979323033735
0 0.2134484537482884 0.5379104916202229 0.12340405925034234 0.10975073620994635
0 0.28671875 0.289592663565262 0.5734375 0.579185327130524
0 0.12098582059962042 0.4640661631695506 0.12657452335696498 0.11140416442319179
0 0.13550427632646586 0.233824733702664 0.2082169799417403 0.18091033386094857