0 0.11756735473612032 0.6585624546240684 0.23513470947224063 0.6451680960164203
0 0.23546207940739805 0.6155987706844555 0.30447802398342405 0.7015817224798535
0 0.383593518406362 0.5726987192583997 0.3184335161255413 0.7329044453524904
0 0.5343961931373025 0.5227810533709633 0.3318795860179174 0.7532896682251273
0 0.6936106813504781 0.4768196344584649 0.33667840198135207 0.7892453489432866
0 0.839434757652995 0.4331246974937897 0.3193838941234691 0.8203862646343312
0 0.07760672994551732 0.7162704154946529 0.07904114474715103 0.12073974687674216
0 0.16894870575269622 0.8691868581166687 0.06159677956950462 0.08158634328594587
0 0.19995907299725726 0.6396175327847038 0.09172523531769157 0.15830337939029934
0 0.3090129336267897 0.831710104895215 0.07257282092583343 0.11601588544042371
0 0.3540836468185748 0.6358254331540462 0.10357457195929073 0.21148292154477702
0 0.45758102026838887 0.7794350534691592 0.06926803846084476 0.14567611436318478
0 0.5011791246926683 0.5983895865484505 0.10869871960192583 0.22088519262201595
0 0.6220630512856355 0.7546037459929792 0.06770553846084475 0.14566702400410528
0 0.6587219509951853 0.5547628272768725 0.1132792117440431 0.2521533733401752
0 0.7812411521952584 0.7094235770804808 0.07588191149637388 0.15352497579950325
0 0.8130691567433723 0.47907754692805565 0.11378863399378396 0.26309087334017517
0 0.9361855173729048 0.6712519322702833 0.07348465756743253 0.16913179508134402