0 0.42023780518649295 0.10144730786896342 0.6359764804327085 0.1396190954272452
0 0.4317721043890622 0.24354844945770707 0.6911367591180555 0.16024975799503186
0 0.44074444804454826 0.3950382265850701 0.7225322294827781 0.16668156517662425
0 0.45587587272208285 0.5503978922761147 0.7415004350298613 0.17616564948557958
0 0.46533852564812433 0.7143831242239379 0.7789640674386806 0.17482131810349025
0 0.47169436236975626 0.8776052868899203 0.8102868026210418 0.17812812528508282
0 0.36780378941892355 0.0720688800776704 0.1153353656913195 0.05535109621281209
0 0.19754453438493041 0.13789438885826913 0.07605466014423615 0.04574883723582164
0 0.41627504416857625 0.20458139822804303 0.15294446846486115 0.060256764830722884
0 0.20281064979190946 0.28081314188333123 0.1120648953265972 0.04908291549465282
0 0.3854036378240622 0.35630297951193635 0.20763196846486115 0.06057492739850954
0 0.22030400826503435 0.4353779220357564 0.14153418977951393 0.03988063231716552
0 0.38894359907072873 0.506262072896078 0.2155172036472223 0.06374537919390769
0 0.2086547273954856 0.6002671238311544 0.14149782218833334 0.03831813231716552
0 0.3961352371791314 0.6671359403825207 0.24829333605604162 0.0623737767345796
0 0.21657306411711744 0.7634801961380573 0.14945579255305558 0.044613584112563845
0 0.4368660739007632 0.8301581151487516 0.26072060087368065 0.059321499607216666
0 0.2175510698167006 0.9228279250608186 0.16504442496187507 0.04314198770335977