0 0.4328125 0.696875 0.55703125 0.56171875
0 0.503125 0.58828125 0.52890625 0.55859375
0 0.5625 0.47265625 0.52109375 0.5578125
0 0.4015625 0.33671875 0.08515625 0.08984375
0 0.3328125 0.4703125 0.10703125 0.1
0 0.38203125 0.80546875 0.5484375 0.3890625
0 0.26015625 0.60234375 0.0984375 0.09921875
0 0.20234375 0.753125 0.07734375 0.10625
0 0.62578125 0.3703125 0.49140625 0.565625
0 0.4828125 0.22734375 0.09921875 0.115625
0 0.73203125 0.28671875 0.5359375 0.57265625
0 0.55859375 0.13671875 0.1015625 0.11953125
0 0.78828125 0.15703125 0.16484375 0.1953125