0 0.6918006088003402 0.548151938967291 0.6163987823993196 0.6712651785424498
0 0.6027158384667382 0.4975177899835055 0.6718254809323424 0.6439130683550353
0 0.47643359146196307 0.4571619114536909 0.6684822261230188 0.63757214014179
0 0.38052835833700405 0.6385590124699053 0.10817957694917482 0.10304609514371954
0 0.5265055464487717 0.6841706923325033 0.12306053248413758 0.12689277210332364
0 0.7942361280376339 0.5807946058977652 0.4115277439247322 0.6247298446815013
0 0.6710839256675319 0.7344244080884786 0.1212252139724832 0.1190348079967011
0 0.8314410723094874 0.7671867469639921 0.12207838584218215 0.09876777210332381
0 0.36246037149902993 0.41170099577685787 0.6690080157787326 0.6079301042484125
0 0.2557986876484315 0.5756150801000248 0.13701390507947586 0.12417694906292791
0 0.30008436787083287 0.324035859725196 0.6001687357416657 0.648071719450392
0 0.14990086251335527 0.5155604670096166 0.14019346878180672 0.12583037727617316
0 0.1200322801218849 0.286017719516899 0.22729665389834955 0.2064104390337981