0 0.10546875 0.584375 0.12578125 0.63125
0 0.246875 0.5671875 0.14375 0.68359375
0 0.3984375 0.5515625 0.14921875 0.71484375
0 0.55390625 0.53046875 0.16015625 0.73515625
0 0.7171875 0.5140625 0.15625 0.771875
0 0.88046875 0.5015625 0.159375 0.80234375
0 0.0765625 0.6375 0.05234375 0.11328125
0 0.14453125 0.80546875 0.04296875 0.075
0 0.20859375 0.584375 0.05625 0.15
0 0.2875 0.79453125 0.046875 0.10859375
0 0.36015625 0.60859375 0.05625 0.2046875
0 0.44140625 0.7703125 0.0359375 0.14140625
0 0.51015625 0.59921875 0.059375 0.21171875
0 0.60625 0.77578125 0.03515625 0.13984375
0 0.67109375 0.58515625 0.05546875 0.2453125
0 0.76953125 0.7609375 0.040625 0.1484375
0 0.83359375 0.53828125 0.05234375 0.2578125
0 0.92890625 0.753125 0.03828125 0.1640625