0 0.25703125 0.084375 0.49296875 0.1640625
0 0.75 0.0890625 0.47578125 0.16875
0 0.24765625 0.25859375 0.484375 0.16796875
0 0.74453125 0.253125 0.46328125 0.16484375
0 0.2484375 0.42265625 0.47421875 0.16796875
0 0.7421875 0.41484375 0.46796875 0.16171875
0 0.25390625 0.58046875 0.47578125 0.16875
0 0.746875 0.57734375 0.4859375 0.16171875
0 0.25234375 0.7484375 0.46171875 0.171875
0 0.74453125 0.7421875 0.48984375 0.16328125
0 0.25390625 0.909375 0.490625 0.178125
0 0.74765625 0.90546875 0.48359375 0.16328125
0 0.43359375 0.0296875 0.07578125 0.034375
0 0.0640625 0.02734375 0.08046875 0.0328125
0 0.07265625 0.19453125 0.08203125 0.028125
0 0.07421875 0.15390625 0.06953125 0.0359375
0 0.43125 0.19765625 0.08125 0.0296875
0 0.42109375 0.15 0.0921875 0.03671875
0 0.91796875 0.19765625 0.08515625 0.02578125
0 0.91171875 0.1484375 0.09765625 0.0328125
0 0.91875 0.0359375 0.0828125 0.03359375
0 0.92265625 0.3609375 0.08125 0.03203125
0 0.91171875 0.31328125 0.09140625 0.02734375
0 0.56171875 0.18984375 0.0796875 0.02734375
0 0.43046875 0.35703125 0.078125 0.02734375
0 0.559375 0.35546875 0.084375 0.03046875
0 0.55390625 0.31796875 0.06875 0.02421875
0 0.4203125 0.309375 0.10234375 0.03515625
0 0.07578125 0.3546875 0.08046875 0.02890625
0 0.06875 0.31796875 0.06953125 0.02421875
0 0.428125 0.52109375 0.078125 0.03828125
0 0.41796875 0.471875 0.0984375 0.03359375
0 0.0671875 0.5203125 0.0703125 0.0359375
0 0.06953125 0.4796875 0.08125 0.03203125
0 0.55625 0.51796875 0.078125 0.034375
0 0.5546875 0.478125 0.0859375 0.02890625
0 0.92109375 0.51875 0.07421875 0.02890625
0 0.91171875 0.475 0.10859375 0.03515625
0 0.07890625 0.68203125 0.08125 0.03046875
0 0.06953125 0.64140625 0.0796875 0.0328125
0 0.43046875 0.684375 0.0734375 0.03984375
0 0.4171875 0.6359375 0.1 0.03359375
0 0.9265625 0.68359375 0.08828125 0.03046875
0 0.909375 0.6375 0.09140625 0.03671875
0 0.559375 0.68046875 0.084375 0.02890625
0 0.55625 0.640625 0.0828125 0.03828125
0 0.065625 0.84609375 0.0875 0.0265625
0 0.071875 0.80703125 0.0703125 0.0359375
0 0.428125 0.84609375 0.06796875 0.0328125
0 0.4203125 0.8 0.09921875 0.03671875
0 0.91953125 0.84765625 0.0921875 0.0265625
0 0.91015625 0.8 0.10078125 0.03359375
0 0.559375 0.8453125 0.084375 0.03046875
0 0.559375 0.80625 0.0796875 0.03046875
0 0.55703125 0.9703125 0.08515625 0.0265625
0 0.91328125 0.9609375 0.10390625 0.028125
0 0.0734375 0.9671875 0.0890625 0.02890625
0 0.4171875 0.96171875 0.10625 0.03359375