0 0.21469375907518629 0.21906257562655257 0.42938751815037257 0.3399998487468949
0 0.17091142193756054 0.16462506050124204 0.08499314441741398 0.10674087939029935
0 0.10667568423420067 0.32905572004396655 0.06926815046753823 0.08946247579950324
0 0.6116318707078965 0.1480960906536672 0.454861258584207 0.2961921813073344
0 0.7030734403825207 0.4076144528755526 0.4993112162333375 0.4216407341873184
0 0.2641376845287883 0.5226642985973854 0.48821008976990454 0.39345210167376105
0 0.32411563076504146 0.8215239794137406 0.5317419211519937 0.35620663172799033
0 0.7605485553348806 0.7338315192305271 0.4727941680287355 0.42929869808296495
0 0.21690868140553027 0.44950405454931375 0.13360336123992678 0.13671018052176756
0 0.15399454918656055 0.6553318737329586 0.10053633118569749 0.09276928298109546
0 0.5772462177062755 0.550529181601922 0.09113406010845856 0.0880272408266178
0 0.6363450035160414 0.3290990883159762 0.14146131303532491 0.14456813231716562
0 0.7579098895456402 0.6502559499486863 0.1868192648307229 0.1526442527304745
0 0.26734345599881054 0.7773245275201466 0.1962306262670414 0.15894879488495217
0 0.20056398039569912 0.9761438226014905 0.1127636204133089 0.04596700585373235
0 0.673747471222317 0.8827689889799061 0.12399201190385653 0.09603063836728971