0 0.5060241864530173 0.4662263867661799 0.9335870217082677 0.5970141055132965
0 0.5147673433958508 0.3500792353862081 0.9649321969684669 0.539801623370204
0 0.4962895810713789 0.2357985470746054 0.9821396291260711 0.4511209529155087
0 0.45834252374443263 0.21172011890927242 0.9166850474888653 0.42344023781854484
0 0.45652987675122186 0.5941507893639677 0.8356342005865114 0.6343310990204747
0 0.3743115982570908 0.6934047211827487 0.6531558932595651 0.6077298685022352
0 0.2749534073930594 0.75977046631478 0.40490874377996355 0.4804590673704402
0 0.6377290513340524 0.08996567004436286 0.3169086182719372 0.1491501607121673
0 0.7115494108995624 0.21770093221922746 0.3279213613745323 0.18056380194586943
0 0.7636519007227971 0.377839591309837 0.3201022173219975 0.21008766071216733
0 0.7336003098133371 0.5342026396055537 0.26994508706427284 0.17642968100470674
0 0.6272827900256334 0.6502076948011293 0.2245506999091429 0.17407624837514693
0 0.5286892390302652 0.7944468441525061 0.17479636137453233 0.17789099512873605
0 0.12898140886339746 0.5845307329538715 0.10393058344622812 0.07674550649282175
0 0.3600333350281078 0.5550007402574721 0.08131859905006031 0.06230117694751698