0 0.13343328802327117 0.6454969507974306 0.26686657604654235 0.43161890159486127
0 0.04253572674970488 0.6575956008736806 0.08507145349940975 0.08368662860909737
0 0.14779033490660987 0.786994772985764 0.09017401384016446 0.06766158510611113
0 0.19035445007654966 0.24137380167111128 0.3633939269192072 0.45178723765090306
0 0.49579402517168986 0.2875825333380907 0.41973676882026145 0.4936851033422226
0 0.3940233477581911 0.7317306172099309 0.39279226684309504 0.48369185429215306
0 0.7208285868837763 0.779838196047778 0.42315092889637357 0.440323607904444
0 0.8078191812934694 0.34489241916538266 0.37965027969467613 0.5442656783803476
0 0.3068270952867332 0.7414309658994099 0.13647069368794007 0.1311798776591669
0 0.4611896486330435 0.887346143995417 0.09144735376405215 0.09891158510611149
0 0.5644764050960152 0.4635651115103476 0.08794035178688589 0.08946384992375016
0 0.39464801924019083 0.3133800075025351 0.14460152866891204 0.13917421561506957
0 0.7374111807991779 0.3455996275622576 0.15113537155854945 0.18459581838861122
0 0.6226338260093612 0.8402743882958339 0.1593935405319101 0.19571515634451409
0 0.7889697973404493 0.97008394918191 0.08755834980971962 0.059832101636180114
0 0.9061253942216002 0.5231284815700702 0.09552735870696835 0.12242182028847229