0 0.13359375 0.40390625 0.2671875 0.6609375
0 0.06484375 0.27578125 0.0984375 0.2234375
0 0.034375 0.1328125 0.028125 0.059375
0 0.040625 0.68515625 0.05 0.071875
0 0.4859375 0.46328125 0.5359375 0.75234375
0 0.340625 0.40078125 0.43203125 0.7578125
0 0.2125 0.37890625 0.28984375 0.74609375
0 0.20078125 0.2171875 0.1234375 0.22421875
0 0.09375 0.6078125 0.05546875 0.090625
0 0.35234375 0.2125 0.1703125 0.1953125
0 0.309375 0.10859375 0.04609375 0.06640625
0 0.20390625 0.06953125 0.06953125 0.05234375
0 0.38046875 0.07265625 0.04609375 0.053125
0 0.58203125 0.54765625 0.5453125 0.63671875
0 0.52890625 0.2609375 0.153125 0.17734375
0 0.48359375 0.14296875 0.05 0.08046875
0 0.17890625 0.56015625 0.0640625 0.08203125
0 0.56953125 0.159375 0.06328125 0.0578125
0 0.26015625 0.55546875 0.0671875 0.07578125
0 0.67578125 0.665625 0.575 0.50625
0 0.65078125 0.39140625 0.140625 0.1734375
0 0.71953125 0.278125 0.046875 0.0390625
0 0.34921875 0.57265625 0.07734375 0.075
0 0.44140625 0.60859375 0.06328125 0.07890625
0 0.775 0.53359375 0.1203125 0.159375
0 0.8484375 0.4578125 0.05078125 0.0546875
0 0.740625 0.81953125 0.503125 0.36015625
0 0.88046875 0.58828125 0.06875 0.078125
0 0.78359375 0.40390625 0.0546875 0.08046875
0 0.5140625 0.69296875 0.0484375 0.078125
0 0.51953125 0.9359375 0.0453125 0.075
0 0.8734375 0.7390625 0.08828125 0.15625
0 0.959375 0.68515625 0.0375 0.059375
0 0.96015625 0.82734375 0.040625 0.0796875
0 0.9546875 0.9578125 0.04296875 0.05625