0 0.5503447816718426 0.5576047458190283 0.6483074377936221 0.5099322716545839
0 0.5569821008354838 0.4906354513661116 0.5028676038012332 0.503425085674792
0 0.43585917593062395 0.44879083064079894 0.1451745316346617 0.1532367156150695
0 0.41023177623463514 0.5285867802039587 0.14504719764227278 0.15011171561506947
0 0.21324798277415655 0.7128851257593057 0.37293075300293055 0.41766681078916684
0 0.24841220855386878 0.59896874933441 0.16073586463846717 0.15203789152687505
0 0.2833376482874762 0.7090529173624308 0.319747403193211 0.33837804787138914
0 0.11846472338261638 0.6661900040840626 0.1515518656270504 0.1565071859797918
0 0.2110779877170724 0.7362498905769447 0.31917971741393625 0.2478257830537503
0 0.10280523129128179 0.7032899605810765 0.1035945266917457 0.12885365824437506
0 0.379469843458291 0.8391722559839236 0.550679068212239 0.3216554880321528
0 0.2689952584773191 0.8359420724726739 0.16966519566510652 0.14131859707395833
0 0.203712451176676 0.955015461531007 0.1428188527754691 0.0899690769379859
0 0.22538186273566296 0.9308512629177776 0.18073002965749527 0.13829747416444463
0 0.13253922186256056 0.26455542211208344 0.2542550543720746 0.2634858442241669
0 0.02926698323126708 0.31600685970739584 0.038924531634661585 0.15076371941479164
0 0.42870052231748346 0.8984940110179167 0.38034271049385404 0.2030119779641666
0 0.7631418479069153 0.8724526886389586 0.36037772037968574 0.25509462272208266
0 0.5703441942565938 0.93349509859257 0.09192751482874754 0.0723854526972918
0 0.4089557080967582 0.9904827956871877 0.09170733893530461 0.01903440862562462
0 0.4695019358536368 0.8913420065526045 0.08880251482874754 0.07231271751493047
0 0.6814143454354574 0.8627124327487505 0.11048651384016442 0.06813436379145835
0 0.6197446749792219 0.8433253466927088 0.0998036818249421 0.07412979065319476
0 0.5374587569944443 0.8351660481557296 0.08405134783255334 0.07064111474138883
0 0.48950141805913966 0.8075125204203129 0.09486151384016442 0.06777068787965276
0 0.7449277001880927 0.9656569012136117 0.0784725098858317 0.0486570119678472
0 0.7106654467280518 0.9484687480032298 0.09199118182494193 0.07394795269729179
0 0.886920315740781 0.7578476672655216 0.226159368518438 0.23398018218006983
0 0.8474001482874762 0.7221816177786118 0.08293451680591417 0.08154224715020834
0 0.7944833953217266 0.7069008034740631 0.07266817885919252 0.0594490416031249
0 0.8943070514063252 0.5979278066081952 0.21138589718734976 0.18506990349472244
0 0.8846561146756482 0.5638249103316675 0.22785438045579803 0.228528962765278
0 0.7699808024320893 0.661060973401945 0.09211851581733085 0.0770729526972918
0 0.719902547983465 0.6388216442797575 0.08060801285158128 0.06275587955902787
0 0.8712077910262017 0.5255618441272577 0.25758441794759646 0.23917682845659752
0 0.7790600306832595 0.5582450979269798 0.0888661818249421 0.07387521751493065
0 0.7491961171471061 0.5723796798989589 0.09537084980971962 0.08027068787965277
0 0.7127890904553604 0.4450898280753478 0.10618101581733086 0.07740026101791671
0 0.8311013276409602 0.7819014566844451 0.10474584980971961 0.08048889342673604
0 0.7821319284392629 0.8634956423798965 0.0826161818249421 0.07372974715020852
0 0.9072593320524035 0.8809039607685077 0.18548133589519294 0.16911759517409736
0 0.8920335104544854 0.8598095575581258 0.07234984387822045 0.0516365416031249
0 0.8607689230020554 0.8395691395301048 0.07553851087441502 0.053271776785486225
0 0.9972038997331698 0.6900990824437508 0.005592200533660474 0.07572735182361115
0 0.9668061104555793 0.7119552454377785 0.06638777908884137 0.07700021751493065
0 0.9543160627750316 0.652870532956841 0.0913678744499368 0.07394795269729179
0 0.9399338636870651 0.5604284598185771 0.08743101581733086 0.07696384992375016
0 0.9963152203796859 0.5706042000349314 0.007369559240628121 0.07721711664125017
0 0.8291635069572632 0.44701796361829926 0.10037668479069169 0.08819229065319441
0 0.902517435322164 0.5041414390170147 0.10012201680591418 0.0819422906531944
0 0.9140014219762913 0.4411874973376396 0.08299818380210837 0.08310474715020835
0 0.9617472428513626 0.3853381940510078 0.07650551429727485 0.07362064437666671
0 0.8193972347141418 0.34142192704916735 0.0998036818249421 0.07412979065319458
0 0.7809793804557981 0.24140309004319507 0.25141921444818677 0.23219947663298637
0 0.846028718896811 0.2671129112815979 0.09498884783255335 0.07089568787965286
0 0.8725355276803288 0.15143401310520904 0.15706703657757756 0.17692878875333345
0 0.8799952006080222 0.18126698346993128 0.09712435079830258 0.08499455547083343
0 0.6483552228511438 0.2812442272016672 0.07129667984777566 0.0641001740119445
0 0.49771323570272497 0.3386177032659726 0.06329317885919253 0.059230836056041715
0 0.5874747781746205 0.14714067771475745 0.359324556349241 0.27529747283326417
0 0.5567977811403699 0.16047582589114628 0.08535917984777566 0.0644274823325695
0 0.603232429353484 0.0741395888089241 0.07942751482874755 0.07209451196784729
0 0.5756048364638466 0.028227023554444924 0.08558467292769337 0.03165134992375007
0 0.3409791215585494 0.1890144807170489 0.07279551285158128 0.06257404160312507
0 0.21995565022746147 0.3220062058314238 0.3120383794672148 0.22580531268902798
0 0.3338934748283101 0.283291157578785 0.08886618182494202 0.07387521751493065
0 0.2537536941822317 0.13625119699770855 0.10024935079830274 0.08506729065319454
0 0.11806554498053443 0.215826981382639 0.0680443458553869 0.06090243882958344
0 0.24028662113861993 0.9706586453265974 0.21029551285158127 0.05868270934680524
0 0.3763170326604258 0.5582372594023961 0.22289626091159603 0.4516391544446529
0 0.4979293888959361 0.6695585787409379 0.2702328814443812 0.2341983877271529
0 0.12770843631074735 0.49079061379145844 0.22511138243296433 0.23783122758291686
0 0.15263952174882983 0.10657992116215291 0.23446252471457935 0.12253353590354185
0 0.9335088142579064 0.32612619500093826 0.10770902372599593 0.1149002610179167
0 0.16683330882069888 0.28252482532246537 0.2377440336118279 0.16475740349472243
0 0.07790209589256793 0.4560694684648611 0.12473469764227281 0.14963893692972227
0 0.8315338428896373 0.06462369091687568 0.16619268577927465 0.09440722948277791