0 0.2890625 0.159375 0.384375 0.2515625
0 0.2625 0.09609375 0.0640625 0.09375
0 0.16171875 0.23984375 0.0515625 0.0796875
0 0.7015625 0.15546875 0.3984375 0.27578125
0 0.72109375 0.4640625 0.43203125 0.3234375
0 0.26796875 0.4671875 0.4265625 0.29765625
0 0.246875 0.80703125 0.465625 0.32265625
0 0.73671875 0.8046875 0.484375 0.31796875
0 0.23984375 0.384375 0.109375 0.1125
0 0.13046875 0.56875 0.08515625 0.0734375
0 0.56484375 0.571875 0.075 0.07109375
0 0.675 0.37109375 0.11484375 0.11796875
0 0.71640625 0.71328125 0.16328125 0.11484375
0 0.2109375 0.715625 0.17109375 0.1203125
0 0.09453125 0.91328125 0.0984375 0.0671875
0 0.5796875 0.91875 0.109375 0.0703125