0 0.4171875 0.2875 0.75390625 0.56796875
0 0.49765625 0.365625 0.74375 0.415625
0 0.575 0.4890625 0.75 0.35625
0 0.6125 0.60546875 0.70859375 0.284375
0 0.6390625 0.7453125 0.6921875 0.2875
0 0.59765625 0.86015625 0.5359375 0.24375
0 0.32421875 0.2625 0.246875 0.17265625
0 0.39921875 0.36796875 0.21953125 0.1625
0 0.4609375 0.48359375 0.20078125 0.13984375
0 0.51953125 0.5921875 0.19296875 0.1421875
0 0.590625 0.68359375 0.17734375 0.11484375
0 0.5515625 0.79609375 0.15 0.09375
0 0.40625 0.9421875 0.1046875 0.059375
0 0.71953125 0.359375 0.05390625 0.03671875
0 0.7875 0.5015625 0.04296875 0.0328125
0 0.65390625 0.2171875 0.0578125 0.04140625
0 0.55390625 0.08984375 0.08125 0.05546875