0 0.6292216700476582 0.1473511712367267 0.6865683400953163 0.2947023424734534
0 0.7624375446422688 0.06099822046867827 0.23329551542127547 0.12199644093735654
0 0.9074363989443398 0.03632180264810362 0.06151024431795733 0.03494048439090338
0 0.35594603693163096 0.021805534213418132 0.07751707386326193 0.043611068426836264
0 0.5460366176914564 0.4702925863981856 0.8073480389569306 0.6278274881887365
0 0.6086988900158861 0.3279934697932971 0.782602219968228 0.5227034785700896
0 0.630877853084255 0.20220229610949966 0.7382442938314899 0.38049613120249476
0 0.8117671631477993 0.19835306589494756 0.23685689204448082 0.1503720553496284
0 0.4296250446422687 0.0709870455613455 0.09643071509696402 0.0673908858421822
0 0.8058189464259822 0.35021566625776723 0.21262055113509035 0.19324903611233468
0 0.91226381533855 0.3128843026481036 0.06967730032431163 0.05552580290255769
0 0.9589148985373027 0.20884907787584708 0.060656856330665934 0.07551092068857254
0 0.9432331716692159 0.3852850923038173 0.057150026785361165 0.053526793283910835
0 0.4553900726421506 0.561793094835706 0.6932582654179802 0.622281837918584
0 0.7455377857105197 0.5243004962021669 0.1935705422066368 0.1754067716843643
0 0.8660178810841369 0.48491555927152563 0.08691934740221256 0.0592510036281972
0 0.4710233863624381 0.15865817115190867 0.08716480925276535 0.07331350362819707
0 0.8440531521874555 0.5701090148064883 0.06370003571381488 0.07093254809323427
0 0.4700978603878557 0.23999001670540493 0.08253185633066593 0.07627481252120454
0 0.3310679569759938 0.6497792228733401 0.5654605478853842 0.6365576143274538
0 0.6068219334370435 0.638586229411944 0.18707508035608367 0.16112601687504088
0 0.7144492471540357 0.7137821476534457 0.04462275324641087 0.05152778366526398
0 0.4466251785690748 0.32836303594269867 0.08272277110331831 0.08721231252120454
0 0.404416133519769 0.4181720696079626 0.08401253571381506 0.07164187622353531
0 0.45564699147199283 0.7556522222403678 0.1710955243497292 0.14026787985173234
0 0.5265691919584601 0.8329116374866448 0.060329573863261744 0.056760920688572726
0 0.19289184699187986 0.7054166423807862 0.37023777678206593 0.5454167152384276
0 0.3941112479648145 0.8578620521847675 0.08568412986961631 0.07794643992586643
0 0.584894160708872 0.7706819667980722 0.08700116801906325 0.06393850362819702
0 0.3149229853862081 0.4861805143431523 0.08376707386326192 0.0575793762235353
0 0.07246274999670471 0.4790128882044349 0.07902502678536123 0.05429068511654282
0 0.24455157872793526 0.8435416357573642 0.16583528003177211 0.10729168874473985
0 0.2922135572175798 0.9317757565386039 0.06323638555165925 0.04437004809323426
0 0.1498215056754523 0.9250223034507119 0.0836307061685102 0.049766876223535664
0 0.033128883516473716 0.9126810492743604 0.03522047970746054 0.04963790145127902