0 0.40520431987856076 0.28828125 0.7927163602428784 0.5765625
0 0.48083840569963804 0.365625 0.773999580505552 0.428125
0 0.549287433289258 0.490625 0.7755753686106214 0.36875
0 0.5791243402320914 0.60703125 0.7296210594746529 0.296875
0 0.5951919962704137 0.74765625 0.7125973337849125 0.3
0 0.5462454839459419 0.86171875 0.5538907191310198 0.253125
0 0.3145317322484612 0.259375 0.2592532485296619 0.1765625
0 0.3823599621220732 0.36640625 0.23055503844375372 0.165625
0 0.43563436906490666 0.4828125 0.21065861827193721 0.14375
0 0.486933518205824 0.5921875 0.20449050542706698 0.1453125
0 0.5515924824756038 0.68515625 0.18591092378986113 0.11875
0 0.5043313008838265 0.796875 0.15663950361804452 0.096875
0 0.34914143261188935 0.940625 0.10944359905006032 0.0609375
0 0.7028362364323326 0.36328125 0.05517217887824373 0.0390625
0 0.7609685617379605 0.50625 0.0454696302577247 0.0328125
0 0.6470886047042699 0.21953125 0.06002345318850324 0.0421875
0 0.5561880450024744 0.090625 0.0858423247398008 0.0578125