0 0.44921875 0.5171875 0.3796875 0.55625
0 0.51328125 0.54140625 0.41171875 0.39921875
0 0.578125 0.43359375 0.128125 0.11328125
0 0.50625 0.3875 0.12421875 0.1140625
0 0.36796875 0.1453125 0.3546875 0.28515625
0 0.47109375 0.21015625 0.12265625 0.13203125
0 0.35703125 0.215625 0.2828125 0.2484375
0 0.43203125 0.06484375 0.1296875 0.11796875
0 0.3453125 0.1375 0.18203125 0.27421875
0 0.39921875 0.03984375 0.1125 0.075
0 0.19453125 0.271875 0.23671875 0.496875
0 0.2375 0.1671875 0.10703125 0.14375
0 0.11484375 0.06796875 0.1046875 0.11953125
0 0.1515625 0.09921875 0.10703125 0.1546875
0 0.82421875 0.15390625 0.20234375 0.26796875
0 0.7953125 0.03671875 0.13828125 0.0734375
0 0.11328125 0.30078125 0.1890625 0.3375
0 0.0984375 0.64140625 0.18828125 0.31484375
0 0.08203125 0.4375 0.0546875 0.078125
0 0.03359375 0.2578125 0.0515625 0.08046875
0 0.14375 0.35 0.05390625 0.07421875
0 0.128125 0.56484375 0.04453125 0.1
0 0.159375 0.509375 0.05234375 0.08671875
0 0.18359375 0.43125 0.0546875 0.0703125
0 0.2203125 0.39140625 0.0484375 0.0828125
0 0.015625 0.6 0.03125 0.071875
0 0.0390625 0.57109375 0.05625 0.07734375
0 0.17578125 0.84921875 0.165625 0.30078125
0 0.23046875 0.76484375 0.06796875 0.06484375
0 0.25546875 0.7171875 0.0453125 0.0625
0 0.33359375 0.87578125 0.12578125 0.2484375
0 0.37578125 0.84296875 0.18828125 0.18203125
0 0.3046875 0.70546875 0.05859375 0.07890625
0 0.33671875 0.66171875 0.046875 0.06875
0 0.41015625 0.86328125 0.17890625 0.2625
0 0.40234375 0.74140625 0.05703125 0.07421875
0 0.3953125 0.70859375 0.0609375 0.08046875
0 0.525 0.70625 0.0546875 0.09453125
0 0.17578125 0.7328125 0.059375 0.09140625
0 0.10703125 0.66328125 0.05703125 0.06875
0 0.05 0.84609375 0.1 0.2953125
0 0.08828125 0.771875 0.03515625 0.0640625
0 0.1140625 0.746875 0.03671875 0.0671875
0 0.0875 0.9671875 0.0734375 0.05078125
0 0.12109375 0.93125 0.0703125 0.05625
0 0.221875 0.96171875 0.059375 0.0765625
0 0.2140625 0.89609375 0.05859375 0.07578125
0 0.27578125 0.88828125 0.05546875 0.078125
0 0.36796875 0.8984375 0.06015625 0.071875
0 0.33984375 0.97734375 0.06875 0.04453125
0 0.5 0.8203125 0.06953125 0.0828125
0 0.4296875 0.8765625 0.06171875 0.08359375
0 0.48828125 0.9046875 0.06875 0.065625
0 0.5328125 0.9671875 0.06015625 0.06171875
0 0.60390625 0.83828125 0.05390625 0.0875
0 0.70859375 0.82734375 0.18359375 0.20625
0 0.6703125 0.884375 0.0515625 0.0828125
0 0.7765625 0.940625 0.15078125 0.11796875
0 0.74609375 0.93984375 0.06640625 0.08203125
0 0.696875 0.68671875 0.05078125 0.06015625
0 0.671875 0.5234375 0.04765625 0.0515625
0 0.85078125 0.66484375 0.23203125 0.3046875
0 0.83203125 0.62890625 0.04609375 0.0734375
0 0.90625 0.696875 0.05703125 0.065625
0 0.97421875 0.68671875 0.0515625 0.07578125
0 0.84765625 0.409375 0.0484375 0.0609375
0 0.74375 0.25546875 0.1609375 0.2734375
0 0.75859375 0.37734375 0.05546875 0.07421875
0 0.91640625 0.33828125 0.065625 0.08515625
0 0.8671875 0.18359375 0.0484375 0.05625
0 0.0609375 0.0921875 0.12109375 0.184375
0 0.484375 0.34609375 0.4328125 0.109375
0 0.35234375 0.4359375 0.18125 0.2265625
0 0.60234375 0.10703125 0.19140625 0.20625
0 0.96171875 0.0546875 0.059375 0.10859375
0 0.965625 0.246875 0.06875 0.2203125
0 0.5953125 0.95390625 0.0953125 0.08515625
0 0.79296875 0.2140625 0.11640625 0.2109375
0 0.6453125 0.06796875 0.12265625 0.12265625
0 0.90625 0.93203125 0.14140625 0.13515625