0 0.31021933732495494 0.5564197322426839 0.6204386746499099 0.8659644644853678
0 0.3616149212683212 0.49386799410568194 0.548425886775904 0.8266526136870651
0 0.4974075179424117 0.4446876892764968 0.49055884277526773 0.8196094348278725
0 0.618692171944639 0.43321563148156217 0.41183385876826806 0.7648635850181531
0 0.7609069439449571 0.43666557813525186 0.41163386409926817 0.7476760850181531
0 0.8469166219366848 0.5011365964240405 0.30194868674408754 0.58234556228074
0 0.2285831505808676 0.6416449664253532 0.21568173337045282 0.2820962114824372
0 0.34563483792173083 0.5909194076418353 0.2012737880330894 0.2518357085166878
0 0.47110755259391246 0.5553877673373866 0.17601924936345323 0.2289420365775774
0 0.5887495859325486 0.521100292051966 0.1759465240292714 0.22269203657757758
0 0.6917205919398663 0.4713642303026986 0.1475851666931806 0.2012335306460784
0 0.794954132598685 0.5334105855496256 0.12065904002227157 0.1689011917107738
0 0.9117496392425496 0.7062180272603994 0.07788973734881743 0.11718218281352506
0 0.39698189863145616 0.27567375102576425 0.04756589067472685 0.0612850098858317
0 0.5490352946371833 0.2396619496566202 0.04118862133990895 0.05009284190105419
0 0.24495577462604734 0.30934180239490827 0.0507454346753633 0.06609984387822054
0 0.10109613928232053 0.3800787722431214 0.06978633601209036 0.09186384783255316