0 0.49427145206076994 0.4533470073997242 0.6036191800604517 0.45227595074790533
0 0.4629401834022696 0.5131305400620426 0.45220213072881527 0.4630123613939972
0 0.5630680000795418 0.5924100547421783 0.12819882001909005 0.14209768801718106
0 0.6169827934038603 0.526640151416269 0.12972495735199913 0.1389908693507266
0 0.8536164433481812 0.4216366674490401 0.2927671133036377 0.38937377204008905
0 0.797297002068724 0.5154588454407678 0.14691245735199915 0.1391908640197265
0 0.8045726053866794 0.40227759277526776 0.2848680853755436 0.3142101400381801
0 0.9383465266947715 0.49682811879372146 0.12330694661045705 0.14524086935072641
0 0.8672704106858629 0.39991620878417644 0.2654591786282744 0.21718968936981647
0 0.9647999386934988 0.46666845146399394 0.07040012261300248 0.12118520401018137
0 0.7512266926718635 0.2337361307685862 0.4975466146562731 0.3026748454009969
0 0.8657544587046345 0.28972359611708554 0.15768632535009033 0.12525563335454448
0 0.9553329373408633 0.18142129479626676 0.0893341253182733 0.11980451734563577
0 0.9289431600095451 0.21392471212599418 0.1421136799809098 0.12667268268618095
0 0.8139605274506311 0.8734167961091315 0.2949147000318167 0.23777490937299817
0 0.9341003047819492 0.8599730087921305 0.09075336401972649 0.14634883601209053
0 0.7461675700190901 0.14928840543440444 0.3604669746976349 0.23228852538190684
0 0.40973917401336307 0.1031919187221338 0.3382283480267262 0.20078398671227063
0 0.6143630393459539 0.10010492341658708 0.0851204346753633 0.06504429201145401
0 0.7976477066756814 0.07567873010817686 0.08820907200827222 0.061955654678544914
0 0.6941056306890444 0.17289808076063204 0.08197725334181775 0.0634454293443631
0 0.48267723468331736 0.128256100731997 0.10534202800763595 0.05746814934754481
0 0.5339039273551809 0.16712824407222396 0.0944954346753633 0.06515338001272668
0 0.6092948260264078 0.20159469808240527 0.07728975334181776 0.06339088534372675
0 0.6449328813653622 0.24341002808717782 0.08817270934118149 0.05883065467854491
0 0.45952954133513624 0.01862656206236077 0.07530908267027243 0.027435204010181347
0 0.486328398671227 0.039248144732633335 0.08513861600890885 0.06660679201145402
0 0.1945505260184537 0.13818289469286243 0.3195328920273624 0.20525331070972527
0 0.2726397106938169 0.20314537070336192 0.07432838534372674 0.07741702267663583
0 0.3167442466979531 0.23412319804263443 0.06780566534054513 0.05390679734245411
0 0.15101979670590732 0.29078063602004456 0.26429995202099904 0.15774196403563473
0 0.17889989604549789 0.3371925593570898 0.20554311736154415 0.2101760733609078
0 0.32280389003818005 0.2849680827100435 0.08517497867599957 0.069731792011454
0 0.363074901376498 0.3221504567154523 0.07407384667409059 0.05554202267663584
0 0.1542635227164068 0.3681516580203627 0.28524879869508957 0.21266582137172554
0 0.2770015887173613 0.3766101427036801 0.08201361600890866 0.06657042934436311
0 0.30977772605027043 0.37386695070813447 0.08831816000954502 0.07133065467854482
0 0.29800552673454234 0.5033999093729982 0.10076361600890867 0.06678860534690845
0 0.3103391580203627 0.15359081337522534 0.09769316000954502 0.07143974267981754
0 0.386982926678863 0.09433453938572486 0.0757454346753633 0.06493520401018134
0 0.21061078333863614 0.041507889361862324 0.3055965666772723 0.08167036004136173
0 0.2811505500079542 0.06185729937140734 0.06767839600572696 0.04296929734245412
0 0.30335281401177216 0.09023683804104357 0.07240225867281787 0.046148841343090476
0 0.08714601133831795 0.03772781401177218 0.058667022676635906 0.07411020934118145
0 0.11879600067631775 0.07246644068268107 0.06495338534372679 0.07730793467536323
0 0.07773574335613531 0.16885054467695407 0.08361247867599957 0.06971361067790856
0 0.1433607433561353 0.16961416068586277 0.08204997867599957 0.0696954293443631
0 0.1448692466979531 0.2321232513526355 0.08513861600890867 0.066606792011454
0 0.12403967337681618 0.32171246268299925 0.07890679734245412 0.06809656667727229
0 0.04938457137172551 0.28334884933959065 0.05241702267663591 0.07403748400699968
0 0.1873947433959062 0.46305562535804434 0.09153406667727224 0.07917951734563573
0 0.13962885805217942 0.385947685351681 0.09146134134309047 0.07292951734563573
0 0.10510895472626999 0.4402261053469084 0.0743283853437268 0.07741702267663583
0 0.03834871606458794 0.47616305800445435 0.06640679734245412 0.06795111600890866
0 0.1580986894095874 0.5634823393539081 0.09449543467536321 0.06515338001272682
0 0.15776342942390492 0.6689329080203626 0.22898061736154415 0.2104487933640895
0 0.10489242075108703 0.6230113333465903 0.08977157200827235 0.06197383601209037
0 0.05681909476445004 0.7208761213399087 0.09880222135581715 0.16675224267981753
0 0.047098649427086595 0.691079533338636 0.07899770401018134 0.07590906667727211
0 0.298452064091314 0.6760379780394528 0.06627952800763603 0.05701361600890866
0 0.46324127009067767 0.6732686087284971 0.056868165340545215 0.05377952800763595
0 0.30338610677908573 0.8315430907065438 0.3343590080362711 0.27104194271163423
0 0.34072247477717676 0.8179169427116342 0.07877952800763603 0.05715906667727211
0 0.26569575011931273 0.8818788980346802 0.07263861600890867 0.06646134134309065
0 0.26805822879531227 0.9506470793682256 0.08195907200827239 0.061882929344363194
0 0.5576196207829037 0.8626225574076785 0.06627952800763595 0.05701361600890849
0 0.7222628287714498 0.7801747787634955 0.2928794853596351 0.19713172803945261
0 0.5988253287714497 0.7787384534134054 0.08201361600890866 0.06657042934436319
0 0.6210105061266306 0.9399123107494962 0.09306020401018138 0.07607269867918127
0 0.7800400607892671 0.9120793067711315 0.0631363466740904 0.05541475334181811
0 0.9299329480028635 0.12488039345953965 0.14013410399427287 0.14538632001909005
0 0.6605418894016333 0.5107429787555413 0.16608281739336092 0.44406017735518083
0 0.5854498880489978 0.3677009560789054 0.24929311736154425 0.2106851507001803
0 0.8847905410367483 0.6594275687857672 0.2304189179265034 0.21827947469763487
0 0.8974371934674938 0.993099303389543 0.1158977200031817 0.013801393220914093
0 0.7058491301320393 0.9760379780394526 0.22719884667409057 0.04792404392109475
0 0.04845096940640573 0.538772146005727 0.0855931493475448 0.10566929201145392
0 0.7580463347787676 0.8344901087682681 0.2250920013526354 0.1447874306969986
0 0.9190463747612684 0.7074747174569943 0.13753745735199913 0.1390817760184536
0 0.05832814544872196 0.8505636213399088 0.09869313335454448 0.15737724267981754