0 0.08174464495704586 0.15512195146302077 0.16348928991409173 0.2960060970739585
0 0.02039770918139711 0.06904028751906248 0.04079541836279422 0.08691942496187503
0 0.2216868922435124 0.07546270697197914 0.3374667797373264 0.15092541394395828
0 0.43075319651824096 0.34188806753558987 0.41558065015697015 0.5746077950215975
0 0.4268812460432711 0.3115466041047218 0.41016280981333714 0.5307850598392364
0 0.3193088427184822 0.10102929103444418 0.07259869629109836 0.0750376740119445
0 0.0942579330621153 0.0625707755512152 0.07358798620519007 0.06413654160312506
0 0.12568615897899843 0.4902223436554859 0.22164478516439337 0.29855052203583343
0 0.060769324401116556 0.5397878921924653 0.12153864880223311 0.4172992156150695
0 0.07044978233931823 0.4275236283247569 0.12460601085413384 0.293170731382639
0 0.09783887720550706 0.26224346723059017 0.05910276232447189 0.11529899810013892
0 0.1723353875516145 0.7752506538759721 0.344670775103229 0.3211918542921531
0 0.2765725503179997 0.5889293345374303 0.07300813206674714 0.08285017401194458
0 0.37797899932263146 0.44065352906659694 0.3750973337849123 0.3083645459715282
0 0.3582153759623116 0.5050978887739926 0.06947369629109837 0.07496493882958326
0 0.42687900327936035 0.11803299344739546 0.06765889077317429 0.09989220364722229
0 0.48203017073764337 0.16746864257371488 0.11814356965141819 0.14008209897381954
0 0.7105236629357273 0.1655470391345831 0.3695776741285453 0.3310940782691662
0 0.6022929245828307 0.4931745445498258 0.35986848145549166 0.37511563487736127
0 0.6374845533702174 0.2832358468865272 0.06009869629109836 0.07474673328249999
0 0.8094083045018712 0.6803069493757284 0.3340163896415206 0.5071644154625699
0 0.7320313342391975 0.5338514830950688 0.07941526232447185 0.11577177678548622
0 0.8668290581199158 0.5822136350711797 0.23244060153645094 0.5641027868534725
0 0.8214457163059447 0.45061944937572845 0.09502033016686795 0.20508884992374998
0 0.945573776573567 0.7770156823738881 0.030404552238563552 0.10370688145888902
0 0.3924144770485369 0.8203221920606246 0.3615195126631562 0.3470633700597226
0 0.39673680687672036 0.8420699054914926 0.3639141723195231 0.30342247283326423
0 0.4815455760985972 0.757384474545694 0.09817190637700665 0.08655705547083344
0 0.4325337867503324 0.9481374143252079 0.11050813206674714 0.08372299620027804
0 0.03261891169253187 0.8858270908056944 0.06523782338506375 0.0923706443766669
0 0.7650286199694178 0.44022811645381876 0.05163109905006032 0.0620648953265972
0 0.7038090004542852 0.8341424238245132 0.33710601085413394 0.2981167237831947
0 0.6176490931727675 0.9446091047703119 0.1178293091359686 0.07452983415618064
0 0.8658994804394389 0.28728299477857566 0.24287797602842467 0.22725740349472243
0 0.9580836584131716 0.2703117406945131 0.059403734734852165 0.2401535277354167
0 0.9568653171650272 0.33822593930774225 0.047592052238563554 0.10410692496187508
0 0.43378086273332866 0.6414516564414232 0.25784123473485215 0.24477221181534753
0 0.424091602217879 0.7072221268061455 0.06379690637700666 0.08575696846486114
0 0.9469524858665059 0.14026121799308947 0.07686347241038013 0.12663654160312507
0 0.9542260753056278 0.12058449762836725 0.05837242198083885 0.0715853656913195
0 0.7254991304848674 0.3756032252112841 0.048669873360319825 0.06511716014423605
0 0.9196740128902988 0.06520731981670061 0.05786781094499105 0.12151263050895837
0 0.941542368837764 0.04652101614881907 0.08879026232447203 0.09304203229763813
0 0.10979444397404962 0.7532678575231944 0.21958888794809925 0.26828244699770865