0 0.45625 0.51328125 0.49296875 0.85625
0 0.3421875 0.48671875 0.4328125 0.89609375
0 0.22734375 0.48671875 0.3390625 0.9296875
0 0.19140625 0.53046875 0.33515625 0.88828125
0 0.578125 0.5828125 0.5453125 0.75
0 0.66953125 0.68046875 0.540625 0.56875
0 0.74296875 0.79140625 0.475 0.33046875
0 0.0953125 0.3234375 0.11171875 0.30078125
0 0.228125 0.26953125 0.14375 0.3046875
0 0.39140625 0.24296875 0.175 0.2921875
0 0.54296875 0.296875 0.14609375 0.246875
0 0.64921875 0.42109375 0.15078125 0.2015625
0 0.7828125 0.5421875 0.1609375 0.15
0 0.540625 0.9078125 0.06484375 0.09375
0 0.53125 0.67265625 0.05234375 0.0734375