0 0.31986247758291686 0.2284538997331699 0.5803499551658338 0.4544884536109529
0 0.5025275475870487 0.60859375 0.9949449048259027 0.7828125
0 0.5811870629733684 0.5239878701128557 0.6240635875746531 0.45470862950439594
0 0.8501675734226044 0.7172563449411659 0.2996648531547912 0.5438560652464893
0 0.876111171162153 0.45977676737456763 0.24777765767569412 0.2650652203796858
0 0.6422096030578821 0.22831988444731172 0.4594192061157642 0.4230235949039847
0 0.07902907019156309 0.7127029298477756 0.1338373246568753 0.3847808596955513
0 0.562423451650452 0.739071770265955 0.7185786134102088 0.5218564594680899
0 0.09764655793937536 0.43950285178688586 0.16453789152687512 0.16124520060802236
0 0.7459392407850352 0.4932365717094612 0.19357077488562507 0.13432987353571574
0 0.6559285705728127 0.3147348869187697 0.23376197663298637 0.25148288144438113
0 0.5663647628208686 0.691973866158523 0.1993142414506252 0.24695720752810466
0 0.5380916796146185 0.5503301942194128 0.14055487765916688 0.13685269566510633