0 0.2348803331093409 0.76015625 0.44553985049243094 0.4796875
0 0.6290251509292712 0.5144047842982362 0.5916252148525704 0.9711904314035277
0 0.49364938896142396 0.44891871587139986 0.3176343624602783 0.5668899219545169
0 0.593951981382639 0.13002736133222895 0.497278962765278 0.23593756623421958
0 0.3343230614547571 0.14359875489414145 0.20302112290951416 0.27093752649368785
0 0.18056816071291704 0.4465724435540633 0.3494259570656948 0.3900198871081265
0 0.8333294848011115 0.936294686382487 0.3333410303977772 0.12741062723502594
0 0.7595756749618751 0.4147719274816305 0.48084865007624983 0.6246726840202343
0 0.5588114084318063 0.9324987918287075 0.12969011284152784 0.135002416342585
0 0.41355923261690997 0.294682594457188 0.09157317021222226 0.17805556733052796
0 0.2680493237069448 0.4152802927357566 0.20741637575930572 0.19146828130301136
0 0.6618720588893059 0.4321553457231323 0.21279355357097246 0.1541865361123346
0 0.5327670935585769 0.4861930265785059 0.1089412017473613 0.11933533175849824