0 0.23984375 0.2171875 0.4796875 0.43359375
0 0.49140625 0.6171875 0.9828125 0.56796875
0 0.56796875 0.48359375 0.55625 0.3046875
0 0.890625 0.59140625 0.21875 0.4921875
0 0.86796875 0.33125 0.2640625 0.19765625
0 0.559375 0.1703125 0.378125 0.340625
0 0.075 0.8234375 0.15 0.35234375
0 0.61171875 0.75859375 0.6078125 0.4828125
0 0.084375 0.5375 0.134375 0.1265625
0 0.71953125 0.40703125 0.17578125 0.0875
0 0.59375 0.25859375 0.184375 0.20234375
0 0.590625 0.65234375 0.146875 0.20859375
0 0.53203125 0.521875 0.11484375 0.10703125