0 0.4328125 0.35859375 0.5625 0.42578125
0 0.27734375 0.38515625 0.3265625 0.7703125
0 0.25234375 0.1890625 0.1421875 0.05234375
0 0.61640625 0.18671875 0.1375 0.05078125
0 0.45625 0.66484375 0.6046875 0.6703125
0 0.603125 0.65078125 0.17421875 0.22109375
0 0.63828125 0.471875 0.1015625 0.0609375
0 0.11484375 0.7984375 0.2296875 0.403125
0 0.21171875 0.8 0.0828125 0.11640625
0 0.84921875 0.38125 0.26328125 0.76171875
0 0.878125 0.334375 0.24375 0.66875
0 0.7703125 0.82890625 0.44296875 0.3421875
0 0.09609375 0.353125 0.1921875 0.70546875
0 0.25546875 0.93828125 0.3578125 0.1234375
0 0.090625 0.71484375 0.0515625 0.09296875
0 0.1265625 0.9625 0.084375 0.07421875
0 0.77265625 0.8765625 0.11015625 0.190625
0 0.76328125 0.13671875 0.04609375 0.171875