0 0.6579502366040242 0.48574298655603665 0.5186673685022353 0.6455267473094036
0 0.6217619517042834 0.32736540632457833 0.7564760965914333 0.4790456844463408
0 0.8513984533258411 0.3433136997478218 0.07759098620028233 0.15193068114108116
0 0.8029975040538945 0.7009228384991169 0.07282166558343128 0.14702485731976367
0 0.3684513599808187 0.4472796842414531 0.7341208189887026 0.7351843684829061
0 0.3452474594116258 0.5937351532242064 0.2505023806803951 0.21931088792272552
0 0.5174321509696395 0.6642039727022977 0.07847164772652385 0.11294095574818712
0 0.2675205109570486 0.12096543320799576 0.4381660219140972 0.23741884077542835
0 0.2513694054371616 0.1795399125298313 0.12830800649282176 0.10589474317557449
0 0.5771049801079071 0.8405758041766104 0.7994501696406211 0.3188483916467792
0 0.6189748802700629 0.8692123804791274 0.7032103693163096 0.2615752390417452
0 0.18044639406978052 0.7226670202638796 0.34452866476935706 0.5078340405277594
0 0.671875 0.1680118310555187 0.65625 0.3040028349844601
0 0.1087824849824663 0.1947560359796454 0.18464337580913126 0.3817338052100677
0 0.3526398047885384 0.07809303659881792 0.1011454886359143 0.07028257485477488
0 0.10258525771063776 0.06332409946188074 0.08916368587597075 0.09938787799792803
0 0.10614582345292951 0.7145227264263514 0.18992734496658023 0.14779545285270287
0 0.8322328108710279 0.8552850068199163 0.17784435633066592 0.08166103060296166