0 0.6392996481302656 0.43111694063253525 0.5012616801906326 0.6207944236306948
0 0.5913416148520826 0.2784997804882991 0.8119968084386912 0.4374793094579868
0 0.7819023851446222 0.23451731040791732 0.07287621266133186 0.14851154160312507
0 0.8350775726421507 0.596545838143334 0.06810689204448081 0.14371493882958325
0 0.3583184293798537 0.48470884042444473 0.7118912629823482 0.6975426808488894
0 0.3741224817327602 0.6295492149494795 0.2456785129856435 0.20563697663298636
0 0.5555906700443629 0.6462678555264241 0.07531937418757337 0.10952177678548622
0 0.1878426935866085 0.15821580955489598 0.3751399163942102 0.28518161910979195
0 0.17156490300152955 0.25467258225631956 0.1266909594149211 0.09978440729444457
0 0.6385263064100962 0.8304349952503474 0.7229473871798076 0.3391300094993053
0 0.6873047256469754 0.8510936405769446 0.6253905487060492 0.2978127188461109
0 0.21992767978359548 0.7837028527735417 0.40130477028924416 0.43259429445291675
0 0.5987841477265239 0.12326741983097274 0.7288182954530477 0.2356245623077784
0 0.06400754748164249 0.3115200346692709 0.12365132873123057 0.3730400693385418
0 0.238805175729701 0.12504094006385436 0.10109094155801354 0.06482752583555565
0 0.021981914365615286 0.18559266109416667 0.039109138798070056 0.09306032218833335
0 0.17362542410155263 0.8201157443004167 0.2054432508107789 0.13754028685347244
0 0.9054873043782059 0.7379715783596883 0.17773526217486477 0.07129703780340294