0 0.2639554992144331 0.5050748450933314 0.2842316377781146 0.5272396879233554
0 0.29097199628756687 0.4473918198785608 0.2480123366466464 0.476918783355371
0 0.3360299662333376 0.401267092379798 0.16321008976990442 0.39905937697836436
0 0.3734436078220812 0.3844580506566839 0.15736915592848727 0.46904432835784543
0 0.40198221916020377 0.45407783186434847 0.22388501111828987 0.6256085888732951
0 0.5377566135776177 0.5532445929456248 0.41509075233769116 0.4669307089542546
0 0.513178794393973 0.4927950938501359 0.397267968963812 0.6253230630926975
0 0.5137464209556019 0.45603540027257117 0.36741684250037887 0.5956422071452321
0 0.5203610770804808 0.7870397388071819 0.3597941982793566 0.3593771585247133
0 0.5153594388113869 0.5989632066950062 0.4165805294650541 0.4545125961093843
0 0.5257611285065366 0.6406184401866629 0.4004101079202771 0.35994372455808676
0 0.5595685019449076 0.6755766163513732 0.301236288834828 0.22822233378491247
0 0.23013903541698247 0.4685541689286211 0.06141019867214013 0.08444359905006031
0 0.2787760024358869 0.365974723542034 0.06463519262201593 0.10179487336031982
0 0.3511186350476401 0.3082607208285005 0.05999314441741399 0.10936171189493056
0 0.41557149960721657 0.23767490389061577 0.04742042154477701 0.0962066146538925
0 0.4476072947867564 0.23677746721045584 0.05368860226293641 0.09965916327441153
0 0.600387382022578 0.30379346958530506 0.056795421544777014 0.09669793758467105
0 0.5587311471478885 0.26299472919624345 0.05523292154477701 0.09661605042954129
0 0.6684066498783631 0.4432410719147256 0.0833488311856975 0.0965275192218769
0 0.6710185654712117 0.48921199118203107 0.06128293364502539 0.06256859905006032
0 0.6573974687674203 0.7001461691557637 0.0643533914905479 0.05335737336031983
0 0.6610173724564123 0.6507227012679394 0.0753636143631848 0.06643058344622794
0 0.6715276255796703 0.5767119911820311 0.07074883723582168 0.07868492198083885
0 0.6041729956983917 0.8201587760077402 0.07696247579950324 0.07276247060135788