0 0.5810643488769103 0.7534525356261753 0.5014209488975696 0.2155586047898165
0 0.5205444229651047 0.7353763562726913 0.455417464665139 0.184024761900179
0 0.46814546836795196 0.6973378453982764 0.3926979526972918 0.1049792490485979
0 0.4454703813619797 0.6620715074515549 0.4703138064207639 0.08628759885831734
0 0.5085873239912853 0.6240568542955249 0.6243479962002778 0.13158946448536782
0 0.5839295500555906 0.47414703760334165 0.4034952080156252 0.367670250037181
0 0.5285160046527435 0.5077925257403436 0.5803473423243057 0.32024078760334174
0 0.4927057912218754 0.5117969348278726 0.5562915932742364 0.2927232826604257
0 0.8153607348011114 0.45782033653820886 0.3010962534184724 0.3275943952845456
0 0.6326943583762157 0.49018321448536784 0.3895781783803475 0.37334724707143147
0 0.6705391972820489 0.47299305589213037 0.2912134135627088 0.3724612263111847
0 0.700098757502535 0.43517206231792105 0.1721711664125003 0.2879987015966055
0 0.5507780900431951 0.7935854457022875 0.07612739532659737 0.05149351581733086
0 0.4422746058107645 0.7595049229648745 0.0948773953265972 0.052257519771663576
0 0.3744500197547228 0.6958615756266129 0.10250805737069442 0.044763354752635466
0 0.2951430730413547 0.6418969758168933 0.09291485182361114 0.03500635277546919
0 0.28814753742215327 0.6096110578321158 0.09458645459715279 0.0397575197716634
0 0.32965962414378513 0.4481761507217531 0.09000805737069442 0.04425401878308026
0 0.29641201947038237 0.4952129768054764 0.08997168977951393 0.04269151878308044
0 0.4548213186729516 0.359615010911596 0.08441267401194459 0.07212435079830275
0 0.4990979955346878 0.35049202030313614 0.052798998100139015 0.05522601087441492
0 0.7078729302802086 0.33324214779318456 0.04200696846486114 0.061030341901054184
0 0.6587814668493406 0.3367053874130613 0.05316267401194459 0.07085101087441492
0 0.5846354520317016 0.3368062050938277 0.06704333605604162 0.06361151384016442
0 0.8343815321038196 0.36961734098683313 0.059412674011944236 0.07110567885919253