0 0.50390625 0.305501060791639 0.9921875 0.6102743755122194
0 0.5095334735308673 0.7046875 0.9809330529382654 0.590625
0 0.21717038337461148 0.02648553308416125 0.20934076674922295 0.04249152274507904
0 0.14680880334804094 0.3903789050862333 0.1932834272121397 0.09943072745980874
0 0.4847304884180635 0.4653640583104396 0.4200642510334573 0.1146705454901582
0 0.9178617421421172 0.14893230706758537 0.16427651571576546 0.09528688296032675
0 0.9096351541552199 0.5472049871752092 0.1807296916895602 0.09198210049533806
0 0.8232578333318303 0.35250460917728116 0.2624743829603268 0.17904976095825473
0 0.13971124089926287 0.4890518455329393 0.18612589867609244 0.11312935442427943
0 0.9152066618059603 0.6422627760503387 0.1695866763880794 0.10488020678164425
0 0.079617226836127 0.8892829778740936 0.0804923287837163 0.08794095574818712
0 0.37166348572746716 0.9552740049623989 0.3404495256405632 0.0894519900752023