0 0.49921875 0.24375 0.9984375 0.4859375
0 0.5 0.7421875 1 0.51015625
0 0.13984375 0.0390625 0.2015625 0.05859375
0 0.115625 0.44375 0.18203125 0.06171875
0 0.45546875 0.45 0.41484375 0.03125
0 0.86953125 0.04375 0.19921875 0.05625
0 0.8921875 0.44375 0.190625 0.05390625
0 0.77578125 0.26875 0.23671875 0.13125
0 0.11953125 0.54375 0.17109375 0.078125
0 0.9015625 0.53828125 0.16328125 0.071875
0 0.08671875 0.9578125 0.1046875 0.06875
0 0.4 0.9734375 0.3328125 0.0453125
0 0.9296875 0.9546875 0.09921875 0.06953125