0 0.5 0.288054210279192 1 0.5758356359186478
0 0.4959557479710468 0.71328125 0.9919114959420936 0.5734375
0 0.19742898333068193 0.025282459487769166 0.20826703333863614 0.0451092261808166
0 0.1203728506126843 0.4012933785298145 0.188481792011454 0.08983069279472175
0 0.4565370699395482 0.45874714350700235 0.41657042934436317 0.09334345236163308
0 0.9090926419875915 0.11788909210771177 0.18061474801081764 0.08491587226160835
0 0.8903666299331849 0.5182611651481077 0.19620338534372692 0.08224551332783499
0 0.798026230625411 0.32722933669743537 0.2534169960216353 0.16669472116625164
0 0.11140583593254856 0.500284807996701 0.18083292401336304 0.10366587226160835
0 0.8869229092536856 0.6127242189881736 0.17136701734563572 0.09558058762187223
0 0.04029445194145724 0.9044434590920577 0.08058890388291448 0.08388691818411545
0 0.3318326832034151 0.95957723997087 0.33693747334499946 0.08084552005825998
0 0.859666781866688 0.9939201138818312 0.10823067067154497 0.012159772236337574