0 0.50390625 0.2826760907441729 0.9921875 0.5653521814883458
0 0.5095698608344202 0.688062928956457 0.9808602783311595 0.6238741420870859
0 0.14906039226595166 0.07679686837657804 0.10088191149637402 0.15359373675315607
0 0.10948858581302963 0.35144095971131406 0.06999147642635144 0.09604167549789597
0 0.9663013961948931 0.1577677275130274 0.06739720761021388 0.1260019940095502
0 0.9470507059530748 0.44113578822013333 0.05854455417661057 0.08472222958158007
0 0.7851585198495948 0.2918500947508881 0.18064218610347993 0.16074407095872498
0 0.40925745347187537 0.4200073881196169 0.12620293507002245 0.06368553248413758
0 0.11115390136217958 0.538405246371803 0.11563361621110371 0.13819445916315978
0 0.9238251834128836 0.6313168441179159 0.11719611621110389 0.13824902286549073
0 0.5038637479285761 0.7375371393007433 0.3657834735308674 0.21712802413143528
0 0.08577302749808077 0.8335193389300743 0.09949919396136275 0.1267113221398514
0 0.8956639119061496 0.9171377822296837 0.12057367328319835 0.1102877139724832
0 0.28857484987165627 0.8866914350317249 0.2038570541766104 0.08979665389834963