0 0.5015625 0.24921875 0.996875 0.49453125
0 0.50390625 0.7359375 0.99140625 0.51171875
0 0.090625 0.13359375 0.07421875 0.14375
0 0.0765625 0.4125 0.0546875 0.08828125
0 0.9171875 0.13046875 0.05859375 0.11484375
0 0.9171875 0.41484375 0.04453125 0.07734375
0 0.7421875 0.2828125 0.15703125 0.13515625
0 0.38125 0.45 0.11953125 0.04375
0 0.09609375 0.5984375 0.09453125 0.12265625
0 0.91171875 0.60625 0.0953125 0.121875
0 0.5046875 0.75546875 0.33671875 0.159375
0 0.09375 0.89609375 0.090625 0.11171875
0 0.9109375 0.9 0.1015625 0.10703125
0 0.3046875 0.9265625 0.19375 0.05703125