0 0.15448497921682447 0.592655198271505 0.29206106334047044 0.7016607545523467
0 0.1127785155059132 0.4432151394168741 0.13990490063313823 0.2476144490629279
0 0.2663605050810719 0.5035352108079174 0.31627145315305605 0.7289052161516867
0 0.21727579889200807 0.4198792763264659 0.1396775801000249 0.2398019490629279
0 0.4428548089211379 0.5007415167595545 0.2993279940609982 0.6831380750854599
0 0.3612818631569153 0.35324204262380193 0.09216608260730733 0.21656302586424747
0 0.5514401987337235 0.47104199340258945 0.30421407086231794 0.6364449315119508
0 0.5004041991294349 0.3203122191876946 0.09066576708875881 0.16500052586424746
0 0.6621503782006101 0.47562654183237907 0.2676400733696003 0.613524257059629
0 0.6493261177757688 0.5407885405787379 0.10896112602253201 0.14992109514371954
0 0.6083648339939625 0.7144904650310595 0.058523205331134066 0.07976170783841656
0 0.2519520464512326 0.8645863710744741 0.05621655925034234 0.10779577962517095
0 0.10028424637209032 0.8994424073635627 0.047949418184115536 0.09194345909205773
0 0.7507869808661771 0.434018051861509 0.2015316885715796 0.541347728688099
0 0.7204629833734596 0.4567568698873399 0.06898934389007838 0.11753449247815251
0 0.8612531194251215 0.3933355643979212 0.21978158339873027 0.5247057979675712
0 0.8033400163638429 0.586264861969781 0.04740384890464355 0.07319345909205772
0 0.9159824203621936 0.5244431603995707 0.05181856426490725 0.06395485141192588
0 0.8891447872135256 0.4541904963720903 0.07589256175762457 0.08651181301126591
0 0.8117101090002802 0.459565969649913 0.05365384890464355 0.07337531551854859