0 0.5130625605012421 0.16909225118112636 0.7113748789975158 0.3381845023622527
0 0.67092505747618 0.139818857997732 0.2556510780624395 0.17451888347992947
0 0.5576932835702707 0.2695286945655536 0.7413714512062229 0.42268363120249475
0 0.6562489582383058 0.24577868131870967 0.24783857806243947 0.17424606496827524
0 0.4981314103282914 0.4379810834029607 0.694378276538188 0.40073422013256915
0 0.6678490126894235 0.4000296717000628 0.21942268657189173 0.12326391832631992
0 0.48732974483363856 0.5492732474681112 0.6506191861791084 0.39764393646730517
0 0.6490666755517978 0.5405009042768677 0.1693772347764936 0.1137053798517325
0 0.44298432631392365 0.6531447811333753 0.6238385175611973 0.3592163535276807
0 0.3853581786750558 0.6231323881196169 0.1585306383672898 0.1289484339354164
0 0.2350996243221338 0.5385540353945444 0.08319429508134393 0.0685168762235353
0 0.2193307412194013 0.16105651797134932 0.11132838544042353 0.07106152286549076
0 0.24049773497288535 0.01849205045548694 0.09400453005422929 0.03698410091097388
0 0.45024231441006696 0.7481844626217209 0.5452862706844555 0.2830506684111379
0 0.44029059748935834 0.7133828766868715 0.12234769867214013 0.08550596878180663
0 0.45040541999265293 0.8544071807705554 0.5311964996072165 0.2778720950901601
0 0.2869383385123679 0.7577926195152954 0.07688066256778665 0.05736112141421188
0 0.3057514501450781 0.8805480732361597 0.06908634328594587 0.060213302902557685
0 0.38233667604277716 0.8739682018219478 0.09267837939029935 0.08759425843752063
0 0.405424718099059 0.7989582781381503 0.0784795240041051 0.06366568511654265