0 0.16484375 0.56875 0.2140625 0.67734375
0 0.13203125 0.41484375 0.11171875 0.23359375
0 0.28125 0.49296875 0.23359375 0.70234375
0 0.2375 0.403125 0.1140625 0.2265625
0 0.45703125 0.51015625 0.2234375 0.6578125
0 0.384375 0.353125 0.0671875 0.20859375
0 0.56640625 0.49296875 0.23515625 0.609375
0 0.52421875 0.33671875 0.07265625 0.15703125
0 0.6765625 0.5109375 0.19921875 0.59140625
0 0.659375 0.57421875 0.0921875 0.1390625
0 0.60859375 0.74296875 0.04921875 0.0734375
0 0.24609375 0.8515625 0.04453125 0.10234375
0 0.09296875 0.86875 0.0375 0.0875
0 0.7671875 0.4796875 0.140625 0.52578125
0 0.73515625 0.4984375 0.05546875 0.1109375
0 0.87890625 0.4515625 0.1609375 0.50703125
0 0.81015625 0.6375 0.0390625 0.06875
0 0.92578125 0.5890625 0.0453125 0.05859375
0 0.903125 0.515625 0.0671875 0.07734375
0 0.82578125 0.51171875 0.0453125 0.06953125