0 0.31622183841417206 0.6938048581423504 0.4627646621750031 0.327474411453691
0 0.2031138261175319 0.5330612379258061 0.21839651775758914 0.21413201082055267
0 0.5822281126146688 0.7548032279631832 0.22466469847574827 0.21743886724704337
0 0.504221808163551 0.6024116653476287 0.49262487899751584 0.3580257294795219
0 0.7143376724285397 0.4689757250601893 0.3296703610435351 0.2751724623907631
0 0.747140561188613 0.6039357467678017 0.09431360226293624 0.09960284639736088
0 0.4619989884889268 0.3411846603330637 0.42487481849627395 0.5279003087881239
0 0.4201882175098838 0.41192070915856477 0.46886012607064964 0.30109376788018166
0 0.29816374746591723 0.3068958915284452 0.30070099941082484 0.39774614436493216
0 0.1857046540817755 0.30313805720527826 0.09943743949875791 0.17473923871722885
0 0.6818211299794745 0.28479695335257704 0.1794703731437835 0.23643290815498563
0 0.4484434650739969 0.7915029090794224 0.04717498184962743 0.05292642319868044
0 0.5490797902095702 0.6792182062555708 0.11612496974937905 0.08930184389007838
0 0.6589638503180287 0.5885357187919832 0.10360678903121964 0.08581313103709683
0 0.7359036002198328 0.5214642275674718 0.11756020472226432 0.06747230799670109
0 0.5275598350945223 0.4845649358015997 0.06912270472226431 0.06606292069139812
0 0.5999484403825207 0.39419233689695643 0.06439884328594588 0.059676528371529966
0 0.6906512293155446 0.24392190076615225 0.06288179508134384 0.06744356426490725
0 0.36286257260149046 0.1956568631569153 0.0643261204133089 0.04717652837152993
0 0.27357281362450003 0.23731081723440814 0.06750566256778665 0.05664245658477522
0 0.2090729346269841 0.5828793814993153 0.0879454275949012 0.07910848997087001
0 0.6178747211241211 0.8037575535108615 0.0597295240041051 0.06266513605166182
0 0.7393735129840111 0.5963505673009151 0.05505111436318479 0.06409124373179384
0 0.5309404069104459 0.17201947169497706 0.07229315651766247 0.07396634890464333
0 0.2755580153217022 0.16460910312778543 0.07384656615858276 0.072449313011266
0 0.37200927186280575 0.5031511144105565 0.06750566256778665 0.0566424565847754
0 0.4817786607210749 0.7007044128403461 0.056522710772388504 0.04851170783841656
0 0.25528992535540607 0.4260921724072576 0.058185204722264315 0.06574467194503911
0 0.15236387149346342 0.6634223393377319 0.059656801131468165 0.05016513605166182
0 0.6213063316766767 0.21391380351086156 0.055023843285945874 0.05940374373179384