0 0.6861923269216895 0.3141146738534334 0.4702954991714304 0.3174951010806099
0 0.8131829741500398 0.4784450470817439 0.22196069892376152 0.2105456635169965
0 0.4146768918516669 0.24535471705252623 0.22828347353086736 0.21232641832631982
0 0.506111028740935 0.39986365697839243 0.4997304420993359 0.3466022477225653
0 0.30768214495203877 0.5270908119730503 0.3338100355653607 0.26749012268015626
0 0.2623610287409351 0.3913517194147789 0.09506425103345731 0.09847719473518968
0 0.5713893881276133 0.6626563228576415 0.4314642473094036 0.5220536263083535
0 0.6063593935042968 0.5928993835647475 0.475235556243525 0.28958835588993337
0 0.7385790421803892 0.7020338253047123 0.30532977874093525 0.3928522212288774
0 0.8504433413946009 0.7090601300213685 0.1018279813887503 0.17671132213985138
0 0.35611329859053 0.7128571863824871 0.18398981803034936 0.23261907095872497
0 0.5457428012811263 0.21249263175064897 0.04764128742738745 0.05158234736759484
0 0.45492521029630095 0.32241821405730137 0.1179195541766104 0.08679565027015243
0 0.35289613750844073 0.4093328822988031 0.10534677956950463 0.08479664065150558
0 0.2810618329175455 0.4746825745869221 0.12002570967712849 0.06502977767481415
0 0.4928555115774273 0.5171776425504222 0.07009848428423435 0.06484623920022692
0 0.42836282609311993 0.6061830896478645 0.0666823858558109 0.058487111795565025
0 0.35022932567883525 0.7539906178708329 0.06392125889134022 0.0661904843909035
0 0.682844926588458 0.8116245909138089 0.06453768899896399 0.04593254809323426
0 0.7683800121965999 0.7724926582443368 0.06809933664159917 0.05541667549789579
0 0.8030416867226524 0.42817222857008963 0.08943068114108108 0.0780010036281972
0 0.37492087903138527 0.19560768819658567 0.060577935070022626 0.06139385698624169
0 0.27131865177646436 0.39946431977759866 0.0559632096771284 0.06279266587924912
0 0.5167854329985987 0.8300050247644073 0.07358735731976367 0.07276786660488846
0 0.7732901441234693 0.8444222219466677 0.07507708271265763 0.07125993030721958
0 0.6474145789886041 0.5030754809323423 0.06809933664159917 0.05541667549789597
0 0.5194949784932661 0.30205363955519726 0.058360463606069855 0.04727679328391084
0 0.770511784736791 0.5838121041606528 0.059233758891340214 0.06602679328391084
0 0.8532000444567007 0.34958592630050417 0.06155823821317554 0.048948420688572546
0 0.4226694059102935 0.7853795163268869 0.055817660462916766 0.059667665879248946