0 0.2640625 0.36640625 0.23203125 0.42109375
0 0.40078125 0.22109375 0.1734375 0.1859375
0 0.25234375 0.64140625 0.17421875 0.19140625
0 0.38671875 0.53203125 0.25546875 0.44609375
0 0.5546875 0.71015625 0.21015625 0.29140625
0 0.42890625 0.771875 0.0828125 0.07734375
0 0.634375 0.434375 0.45703125 0.334375
0 0.5578125 0.40859375 0.2015625 0.43359375
0 0.6390625 0.265625 0.3484375 0.23203125
0 0.62265625 0.1546875 0.16328125 0.065625
0 0.72890625 0.6390625 0.20703125 0.1390625
0 0.1921875 0.5171875 0.04453125 0.0390625
0 0.3203125 0.5921875 0.065625 0.1046875
0 0.428125 0.68125 0.065625 0.0921875
0 0.5078125 0.74296875 0.0421875 0.1109375
0 0.50625 0.5296875 0.05234375 0.059375
0 0.6078125 0.58203125 0.04765625 0.05625
0 0.77109375 0.6390625 0.05625 0.0515625
0 0.759375 0.30625 0.034375 0.0578125
0 0.70234375 0.22734375 0.04296875 0.059375
0 0.353125 0.2375 0.0625 0.0765625
0 0.2109375 0.68671875 0.0515625 0.05078125
0 0.43515625 0.7625 0.0546875 0.04375
0 0.8125 0.46640625 0.0609375 0.0609375
0 0.7734375 0.21328125 0.059375 0.06328125
0 0.46015625 0.38046875 0.04453125 0.06015625
0 0.28671875 0.53125 0.03828125 0.05
0 0.51484375 0.24921875 0.05703125 0.046875
0 0.2640625 0.1984375 0.03671875 0.05390625
0 0.7875 0.5640625 0.05 0.0453125