0 0.4964180203898678 0.4643390514003605 0.9928360407797356 0.928678102800721
0 0.3176526709556019 0.4864760387094071 0.49448035401145213 0.9369407573997244
0 0.7712164698475747 0.522253738104677 0.4575670603048504 0.9475146307288153
0 0.17823266441449834 0.8262368780235445 0.09578519867214012 0.082359061346272
0 0.39870424569839163 0.8561441960534519 0.11142837939029934 0.0856658746817267
0 0.14900616832332325 0.23374938602004453 0.09582156010845858 0.08860906134627208
0 0.30438349385167995 0.08556751937458901 0.08956246974937895 0.08697383601209034
0 0.6700565500513137 0.7694639980903595 0.12102154800821019 0.12327496268299924
0 0.8286452339909267 0.6361622441119948 0.09898292154477702 0.09489542401336308
0 0.700663596212812 0.12220773742835926 0.09885565651766229 0.07302042401336303
0 0.8535599173413646 0.8903412141151765 0.10508747579950324 0.06996814934754489
0 0.894041412371395 0.19476563212122172 0.10209883118569749 0.0933692866804539