0 0.55859375 0.48046875 0.86640625 0.91640625
0 0.49765625 0.3140625 0.89453125 0.3984375
0 0.51640625 0.7859375 0.90625 0.39453125
0 0.14375 0.209375 0.07265625 0.0875
0 0.1390625 0.43125 0.0734375 0.10234375
0 0.7296875 0.121875 0.07890625 0.0875
0 0.8953125 0.2609375 0.07890625 0.08046875
0 0.25703125 0.6921875 0.1109375 0.109375
0 0.4078125 0.83671875 0.08359375 0.090625
0 0.9046875 0.65859375 0.06328125 0.0921875
0 0.1578125 0.8859375 0.05859375 0.0984375
0 0.8546875 0.8578125 0.0828125 0.09375