0 0.4936969673767552 0.6546875 0.9873939347535104 0.690625
0 0.49744677810025834 0.65703125 0.9784936393902276 0.6609375
0 0.4986537924347144 0.5890625 0.9881763399982498 0.821875
0 0.555841551331963 0.546875 0.8787668479069153 0.859375
0 0.636174991559862 0.43515625 0.7242119990857789 0.7859375
0 0.7655892134224225 0.1734375 0.10531885277546901 0.0921875
0 0.36684933000087505 0.4109375 0.15933519072219057 0.1140625
0 0.47366967437338714 0.35859375 0.13895902372599628 0.1125
0 0.19686579935479662 0.55625 0.1771593606841345 0.1296875
0 0.27154214718734987 0.4875 0.17253552768032893 0.13125
0 0.10792136308123035 0.64921875 0.1754695266917457 0.1265625