0 0.07413146057450423 0.6808155485369792 0.1418089760502704 0.373512848023889
0 0.08225577995704743 0.3184064675149306 0.13857488804899773 0.36406511284152787
0 0.21849907857259523 0.6982420507211808 0.16092260272117934 0.4051992591180557
0 0.2332188432925019 0.3062909400638544 0.15618055872054298 0.400402656344514
0 0.38092635323841345 0.7082742802039587 0.16264873472308833 0.4192981267092364
0 0.3895415686266836 0.30367769918191007 0.17209646005727014 0.42576633225631955
0 0.5486860179026408 0.7301525462558686 0.19102827339272466 0.44182774335048636
0 0.5584188379615018 0.29666789902941015 0.1817623613939972 0.4509845378034029
0 0.7211877265675046 0.7474524150813201 0.1913373560629971 0.4683902433504862
0 0.7381608819621381 0.2961626720151742 0.19131917472945173 0.46682774335048627
0 0.8944252318985046 0.7637888162981253 0.1805634880649059 0.47242236740374927
0 0.9101722419637289 0.28844435704503546 0.16646462539781517 0.47874586189159735
0 0.10867808855827772 0.801183253134132 0.039735209341181445 0.05872168977951375
0 0.03788487790423168 0.7065415939398264 0.05428860534690846 0.10123649810013902
0 0.12054666796627429 0.251310539703264 0.05223520934118149 0.05901263050895835
0 0.1801632845719589 0.7020385447372571 0.05252611067790856 0.08401263050895835
0 0.25771502522282325 0.8202813580918752 0.05085452267663593 0.07460126291777769
0 0.2705466679662743 0.25480182845659743 0.07131247334499946 0.08757404160312507
0 0.3353229519016863 0.7322196200597225 0.06538973734881744 0.11555357123840278
0 0.42075082721995977 0.8451755213702434 0.05394316000954493 0.07154899810013901
0 0.4377159866327288 0.26025566071291706 0.054306786680453814 0.10279899810013893
0 0.49673261923141376 0.7625461657469101 0.06535337468172653 0.11242857123840296
0 0.5915627665500054 0.8733765226045144 0.04300566000954511 0.07129442496187507
0 0.6075745006365467 0.23607654435600747 0.054343149347544896 0.10592399810013893
0 0.6739127372295048 0.7807363873459033 0.06422722668681721 0.14989220364722228
0 0.7648911785487327 0.8867883252255563 0.05254429201145392 0.08557513050895835
0 0.7818114319700923 0.23856903077263958 0.05935791335136287 0.13415810087368066
0 0.8465871685630504 0.7831925061713549 0.0627919960216353 0.1607933360560418
0 0.9420076618794144 0.9104472968245496 0.04022610534690827 0.10090918977951376
0 0.9616898359723194 0.22634505375840358 0.04705790802036276 0.15105466014423613