0 0.2442487677826803 0.1225789423449651 0.3967423751024438 0.20745666261277812
0 0.596534705748187 0.07185289694211788 0.38369441149637407 0.14370579388423577
0 0.2673866689399721 0.26672833263756923 0.43071926881613765 0.23322038202756978
0 0.6492316743166556 0.18666997141156197 0.4241781703877141 0.22682491166284757
0 0.3021898161683225 0.42624814979190956 0.4433648180303493 0.23663632275701438
0 0.6953169239023709 0.33654203163204804 0.4531764656729845 0.24622952830409767
0 0.3272005864322022 0.5938168562889233 0.47294531017246644 0.2685409393982642
0 0.7482343703449329 0.49876862148781187 0.47883143713693704 0.2608739097629865
0 0.3578620432138465 0.7651645262168053 0.49816363399378405 0.27381032085715307
0 0.7747090173683955 0.6713332992994785 0.45058196526320893 0.27359211531006994
0 0.3837246840320561 0.9006474313270484 0.5069521290313853 0.19441376158659765
0 0.8007321699734294 0.8380116530229508 0.39853566005314106 0.2506988227570144
0 0.1376755901562558 0.18528092372760405 0.06631851282028159 0.049928571238402816
0 0.20930868755122195 0.09445459555534705 0.10945208271265772 0.07122299620027786
0 0.6716438676588459 0.06335910477031195 0.06682793507002245 0.06086607123840282
0 0.25239521567298445 0.23031870716260397 0.09204625889134013 0.06613545269729171
0 0.16025056513486519 0.33413599781579845 0.08252570967712844 0.06279224715020834
0 0.7097346807267965 0.20950675294670082 0.09916955417661058 0.08503092306201392
0 0.266776700990676 0.3879675530022914 0.1257320541766104 0.08564917211208342
0 0.18117314888098024 0.49788937329076377 0.07954625889134012 0.0658445119678472
0 0.7501885144729113 0.3728055335319091 0.11108735731976367 0.07282186379145834
0 0.28144928473679104 0.551866398841979 0.1226070541766104 0.08557643692972228
0 0.20093349296617746 0.6702728663569095 0.07903683664159918 0.0549070119678472
0 0.8201479117012618 0.5315070798846868 0.11421235731976367 0.07289459897381949
0 0.313110315339753 0.7278833849742706 0.16025260339082212 0.08957425911805572
0 0.23546481244426887 0.8407483673068402 0.09204625889134013 0.06613545269729144
0 0.8663615938758003 0.7009285739007632 0.1427740049623985 0.08292421561506949
0 0.35843358560363264 0.8949793127859372 0.16970037799792798 0.091354964665139
0 0.9242553109987813 0.8715670758006244 0.15148937800243728 0.07391289152687505