0 0.49765625 0.49765625 0.9953125 0.67421875
0 0.44375 0.496875 0.71328125 0.2828125
0 0.18515625 0.271875 0.36953125 0.21953125
0 0.69921875 0.3359375 0.56875 0.3484375
0 0.3328125 0.65390625 0.665625 0.35546875
0 0.69609375 0.675 0.58203125 0.29921875
0 0.4234375 0.4453125 0.12578125 0.10234375
0 0.31015625 0.2109375 0.11171875 0.07578125
0 0.66640625 0.2546875 0.078125 0.10546875
0 0.26328125 0.72890625 0.1453125 0.12578125
0 0.925 0.79140625 0.14140625 0.071875
0 0.1078125 0.759375 0.1375 0.11640625
0 0.49296875 0.678125 0.16171875 0.0703125
0 0.34375 0.53515625 0.13203125 0.0609375