0 0.49956362337679455 0.4743683757261256 0.9991272467535891 0.9418882485477488
0 0.43561280276323877 0.4902331242783836 0.7671752321397973 0.4822434590534467
0 0.17010221996822789 0.3459010432183557 0.34020443993645577 0.31757291356328865
0 0.6487924614468112 0.26251257692619867 0.6442286558409032 0.504619265092084
0 0.36689164793169 0.6723778442945942 0.73378329586338 0.5403812907326472
0 0.6961763814977647 0.5889444902845995 0.5934649967502938 0.4585404776646966
0 0.4043724853927987 0.4464125037240536 0.14913870373287813 0.1365283130679506
0 0.2414572483784422 0.2541629993808274 0.12830800649282176 0.10589474317557439
0 0.5984709074690517 0.19382038896069195 0.10368983603812651 0.1266053494618807
0 0.31217175406378034 0.7645139944184287 0.17460235389503395 0.16425520678164443
0 0.941261010556602 0.635294989665427 0.09555005357072233 0.10749147642635144
0 0.16724899188891573 0.8383967582721675 0.16347393912238167 0.15280828453190337
0 0.5241689679429283 0.6492570597626909 0.17688187418757337 0.11596325599585597
0 0.3470491347441756 0.5552460022763116 0.14376936525911974 0.09724748924663303