0 0.17265625 0.065625 0.28203125 0.1171875
0 0.484375 0.0625 0.2921875 0.11953125
0 0.1828125 0.1859375 0.321875 0.1234375
0 0.509375 0.18984375 0.3375 0.13046875
0 0.19375 0.325 0.3203125 0.140625
0 0.53828125 0.32578125 0.36328125 0.13515625
0 0.203125 0.46484375 0.3390625 0.1578125
0 0.56171875 0.46875 0.384375 0.1609375
0 0.21015625 0.61796875 0.37109375 0.15703125
0 0.5890625 0.6140625 0.40234375 0.1578125
0 0.2109375 0.76796875 0.38515625 0.1609375
0 0.6140625 0.76328125 0.425 0.16015625
0 0.21484375 0.91640625 0.4046875 0.1515625
0 0.62578125 0.91484375 0.40703125 0.13671875
0 0.26875 0.1625 0.096875 0.05234375
0 0.253125 0.2921875 0.0765625 0.0546875
0 0.278125 0.43359375 0.084375 0.04453125
0 0.2921875 0.57421875 0.11328125 0.065625
0 0.2921875 0.725 0.12421875 0.06171875
0 0.30703125 0.88671875 0.13671875 0.06015625