0 0.8957551560383223 0.1333566018697344 0.1553646879233554 0.2667132037394688
0 0.9078712172104559 0.4298387207855973 0.15330422094004206 0.30396257142762995
0 0.7767218730216355 0.15474640665827283 0.1684312539567289 0.30949281331654566
0 0.7848940626424715 0.4678899200542487 0.1791164484388048 0.349684174511885
0 0.6382392271600785 0.1683826181050841 0.18611007688750725 0.3341955422066367
0 0.649171246609098 0.5108468076345027 0.18519603007601065 0.37632849512873606
0 0.49881155698826196 0.19267132630218917 0.20592460990419426 0.35483532467404083
0 0.5074440920411136 0.5492252893705583 0.214549337402957 0.40025691882984216
0 0.3454032739715752 0.21564299634984732 0.20764424016191896 0.3876478246740408
0 0.362387219585305 0.5915645681845143 0.21396948326451398 0.4189796452908919
0 0.19548848315297235 0.23152886931960479 0.21454933740295695 0.40025691882984216
0 0.21428723428462612 0.6323958940763712 0.21824090343633049 0.44090919236879245
0 0.07541607982818346 0.25022609659143336 0.15083215965636693 0.4182978068171333
0 0.07992323750618598 0.6600141538156038 0.15984647501237195 0.4201875892845372
0 0.803836571687583 0.22559332589844736 0.06626016508343398 0.10262616801906325
0 0.6727912895754076 0.22397805317027591 0.06519563206674697 0.08231366801906326
0 0.5325447478522933 0.26389176136738096 0.05614818068726599 0.08840002678536116
0 0.39213110979265253 0.29210035633396125 0.08114153663473145 0.11849662986961632
0 0.24143506897404965 0.3079998660731939 0.08023413387576941 0.13096935633066592
0 0.07976390660414923 0.3397016538156038 0.07932673111680741 0.14344208279171564