0 0.3140625 0.14723671898275334 0.525 0.2944734379655067
0 0.44375 0.1853873823411542 0.571875 0.3707747646823084
0 0.72265625 0.19681049421354097 0.25 0.3163314371369371
0 0.85546875 0.2609371526095431 0.1734375 0.2549529813887502
0 0.8125 0.07450757857882853 0.375 0.14901515715765706
0 0.4828125 0.50876264640429 0.5609375 0.43393858395100293
0 0.396875 0.46042149979511227 0.5671875 0.3951671823794262
0 0.753125 0.5289851393749767 0.178125 0.2536088052100677
0 0.84921875 0.5581032510379664 0.1125 0.2411772717116218
0 0.25078125 0.77894467555951 0.5015625 0.40461064888098014
0 0.36640625 0.7665281046336764 0.6015625 0.38270572373575507
0 0.7125 0.819939779159729 0.128125 0.24971751778268042
0 0.35390625 0.8678915514905233 0.7078125 0.2642168970189534
0 0.62265625 0.08193681906831582 0.13125 0.08892556699689202
0 0.61640625 0.26582166749673924 0.11875 0.06646837014004517
0 0.603125 0.395346501657139 0.1421875 0.09724748924663303
0 0.584375 0.5798135469424093 0.1109375 0.08172949710451576
0 0.66953125 0.5961598308551401 0.0859375 0.06181510339082212
0 0.69296875 0.4185057117485522 0.065625 0.06555653349844608
0 0.7953125 0.13639522498311857 0.065625 0.05461903349844599
0 0.17265625 0.4997709059148027 0.06875 0.053202082712657625
0 0.4953125 0.0698991995474432 0.0671875 0.06250430810555188
0 0.4609375 0.21681274090377206 0.071875 0.07053513192686944
0 0.16796875 0.010151941894448133 0.0671875 0.020303883788896266
0 0.42890625 0.7159608703494421 0.0859375 0.06337760339082213
0 0.03046875 0.6477996451614357 0.0609375 0.06377570967712849
0 0.03828125 0.8474357721259065 0.0765625 0.05825345574818712
0 0.59609375 0.6980177373891154 0.06875 0.05788958271265763
0 0.57734375 0.8496722826743855 0.05625 0.05261988585581108
0 0.22421875 0.3426818438803095 0.06875 0.05007708271265772
0 0.6015625 0.922763026264245 0.1140625 0.06468754631872783
0 0.2671875 0.6039617921848984 0.0765625 0.06137845574818712
0 0.4734375 0.32716804404692523 0.075 0.05818068114108117