0 0.1546875 0.7625 0.2875 0.475
0 0.19765625 0.62109375 0.29609375 0.52109375
0 0.18984375 0.33828125 0.26796875 0.1984375
0 0.23125 0.19375 0.22421875 0.1296875
0 0.0328125 0.23515625 0.065625 0.459375
0 0.534375 0.51015625 0.309375 0.5078125
0 0.50078125 0.60546875 0.26640625 0.5234375
0 0.51015625 0.2390625 0.221875 0.134375
0 0.52265625 0.13828125 0.2265625 0.0671875
0 0.84609375 0.7265625 0.2734375 0.546875
0 0.80546875 0.571875 0.24375 0.56171875
0 0.8015625 0.21875 0.23046875 0.08203125
0 0.940625 0.603125 0.11875 0.79375
0 0.09375 0.4609375 0.06015625 0.12109375
0 0.275 0.42890625 0.0390625 0.1125
0 0.40390625 0.41484375 0.0640625 0.13046875
0 0.5875 0.3953125 0.05625 0.1015625
0 0.5890625 0.3078125 0.0421875 0.0796875
0 0.41171875 0.32109375 0.0515625 0.05546875
0 0.11953125 0.27890625 0.04140625 0.0578125
0 0.57578125 0.81875 0.03828125 0.0625
0 0.103125 0.5890625 0.0484375 0.0578125
0 0.25234375 0.5921875 0.05703125 0.0609375
0 0.06640625 0.93125 0.07109375 0.05234375
0 0.7453125 0.5203125 0.04453125 0.078125
0 0.74609375 0.9390625 0.04609375 0.07578125
0 0.9390625 0.88515625 0.0390625 0.0828125
0 0.70078125 0.359375 0.04453125 0.0609375
0 0.85234375 0.34609375 0.04140625 0.0484375
0 0.41328125 0.8 0.03515625 0.06328125
0 0.91953125 0.30703125 0.0375 0.11015625
0 0.6625 0.703125 0.04453125 0.06875
0 0.3578125 0.55703125 0.03984375 0.06953125