0 0.34367311008113266 0.5996152223816577 0.2513828760343621 0.2545703670936593
0 0.13742420476604086 0.7327812046240684 0.2358124200349984 0.259166963502863
0 0.07913844275140519 0.6246369065176625 0.07899770401018136 0.07545451795398073
0 0.07521401141785974 0.6230516806199634 0.12639996268299925 0.12103972872636941
0 0.09140099073040615 0.47003121974937906 0.15941245735199913 0.13841812626704134
0 0.14923057737904336 0.33756415339440443 0.16546246268299925 0.12126698770335986
0 0.2824430667170431 0.3727118339161719 0.21871473201781733 0.1325135599120669
0 0.3060901993952699 0.4579998941228264 0.1997829186823629 0.11677947560311139
0 0.4541458913908155 0.4260509782353902 0.12162155601527189 0.11319995764913067
0 0.6568629060709513 0.5264423845566608 0.42581925469445314 0.20715098731057643
0 0.6835590293602716 0.20240089655871332 0.2563238200190899 0.14210672852997774
0 0.34791297803945276 0.2926294241770557 0.2875920013526355 0.14385103571156996
0 0.5624283693507264 0.1313884389095828 0.27080449069063517 0.17812604176169425
0 0.17445620202099904 0.15569198467829776 0.1355931493475448 0.10546927088084708
0 0.30837940539463354 0.45332602966144586 0.10561474801081765 0.08029655405833439
0 0.3984702454248595 0.6764913397699044 0.04740225867281787 0.04558521077238851
0 0.2712083114258139 0.6827817255049157 0.03960794000636332 0.04710225897699054
0 0.1941651007717679 0.7752959575509346 0.07401930267345422 0.05042724687674198
0 0.11588610677908573 0.8287431444174139 0.06771475867281791 0.04570338544042372