0 0.42265625 0.32578125 0.22734375 0.22109375
0 0.31484375 0.103125 0.23515625 0.20625
0 0.42890625 0.06015625 0.06640625 0.0703125
0 0.43125 0.05625 0.1078125 0.1125
0 0.58046875 0.09296875 0.1203125 0.14296875
0 0.70546875 0.16796875 0.10390625 0.15234375
0 0.6546875 0.2953125 0.10625 0.20625
0 0.56796875 0.3078125 0.09296875 0.1890625
0 0.58203125 0.45859375 0.10078125 0.109375
0 0.459375 0.646875 0.15546875 0.4078125
0 0.77734375 0.71640625 0.11171875 0.2421875
0 0.7265625 0.37109375 0.11015625 0.27421875
0 0.86171875 0.60546875 0.14765625 0.25390625
0 0.8828125 0.2171875 0.08984375 0.12421875
0 0.571875 0.31015625 0.06953125 0.09765625
0 0.340625 0.3703125 0.040625 0.0421875
0 0.34921875 0.24296875 0.04296875 0.03515625
0 0.26640625 0.15390625 0.04140625 0.06875
0 0.22265625 0.06953125 0.0375 0.06328125