0 0.7932216549098399 0.5013416566391203 0.40722730070994084 0.8912748522617363
0 0.5182415022774347 0.46568693195168187 0.47081857475655814 0.9247074003549706
0 0.22578125 0.459375 0.4515625 0.91875
0 0.7843501742319516 0.15207826662058693 0.11163195916315978 0.11313989546082906
0 0.8261705310485572 0.7420832185273527 0.15718256134007796 0.166230179126093
0 0.9687152505481542 0.16826871789438053 0.051220248818873416 0.0813789747722565
0 0.695887874957591 0.13800089765344575 0.08388890507947586 0.12309524881887368
0 0.5566045647138212 0.7078000208817562 0.16539685462398895 0.2226984339354164
0 0.4841790486413884 0.12276531117044213 0.09482640507947586 0.12347719473518963
0 0.2547717354023937 0.6590376609851076 0.16654269237293695 0.2555109339354164
0 0.1639508833951115 0.06450146570176385 0.09013890507947586 0.12331350362819707
0 0.3954092145206375 0.07280500590563177 0.07503969473518968 0.09313493030721935