0 0.4676253324351519 0.7683273603584795 0.9325657381741831 0.38721214721629416
0 0.07676822768251648 0.8901569312530931 0.13529551285158128 0.0678979081860291
0 0.5022124629281309 0.15652942135924114 0.8132135603035735 0.3130588427184823
0 0.48113998167403016 0.4557864167809146 0.9039950692008223 0.37480067842395853
0 0.07648036209264716 0.6485016977614364 0.09247134288963735 0.050061954997525505
0 0.8416451056668566 0.6388047981702931 0.11967051285158128 0.06707903663473136
0 0.8189093067319894 0.8715320889888961 0.09597834486680376 0.05960072930778537
0 0.12151692536197031 0.34678206750371154 0.10404551285158128 0.0662601650834338
0 0.8433773379095404 0.32844050825620136 0.10573534684397004 0.06946705223856356
0 0.11451621437382467 0.5568564303485818 0.12005251482874764 0.07645403663473135
0 0.8343366244499368 0.5503155082562013 0.08892984882113666 0.07794129353213641
0 0.14024436212982822 0.25069163952997897 0.09218218281352519 0.08123006784239592
0 0.8562221892021349 0.24279293532542284 0.07961851581733086 0.07901247060135788
0 0.8645625657036 0.038105435325422835 0.07936384783255335 0.07276247060135785
0 0.16451348615983558 0.056863074401116556 0.07461268083635883 0.07095430913596859