0 0.5385146492388783 0.7856128027632389 0.9229707015222435 0.35509934090279993
0 0.16439794178513584 0.9071522065755474 0.13529551285158128 0.06325575081077872
0 0.5056000370718691 0.16708099107484153 0.8132135603035735 0.2999288254815244
0 0.5204225183259699 0.47329008076641604 0.9039950692008223 0.3436709172016938
0 0.13659264087310236 0.6660596022734762 0.09247134288963736 0.04689436525911965
0 0.9031580583635883 0.6565881814183344 0.11967051285158128 0.06298301542127546
0 0.9071438572984555 0.8887148888046607 0.09597834486680376 0.056323912337020235
0 0.14617991060758478 0.36411527272817146 0.10404551285158128 0.06271028003177212
0 0.8686133261209044 0.3460325109636392 0.10573534684397004 0.06586255357072242
0 0.16411812159573044 0.5741078814944693 0.12005251482874764 0.07235801542127547
0 0.885466539580508 0.5677711432688876 0.0889298488211363 0.07493754464226861
0 0.15401497383972693 0.2685982211860439 0.09218218281352519 0.07811709172016937
0 0.8713934748283101 0.26076716680783785 0.07961851581733086 0.07633640340856669
0 0.8560218483268448 0.056202397733114376 0.07936384783255335 0.07008640340856664
0 0.15552709980971957 0.07546582995234186 0.07461268083635883 0.06844208279171564