0 0.7130097800208826 0.6766594342220379 0.5739804399582349 0.6129376235728967
0 0.4288610667056827 0.49172199600848626 0.6276682912371466 0.5998937955120072
0 0.5451824001709198 0.5378237217881985 0.6087364348106558 0.5928797915576745
0 0.656952625956025 0.5888039485564939 0.6000146526782022 0.5613114565767023
0 0.2944800550272002 0.4432274406850095 0.579594504090128 0.6104201186299809
0 0.2120934523616332 0.40747562448711794 0.4170945040901281 0.6037987510257642
0 0.22795883010002488 0.22692862003849362 0.13236988229073815 0.09747186068413445
0 0.38148464687221456 0.26134608790954045 0.12492109514371955 0.10965352570316256
0 0.530504820070895 0.30220455676917046 0.12804609514371953 0.10978085969555132
0 0.6688375458560001 0.35210244460216117 0.12372230799670092 0.12208985870696809
0 0.7863493062808414 0.41223483688377627 0.1415008413827959 0.14310269566510633
0 0.890139547505353 0.4846589821311408 0.13622230799670093 0.12259919467652339
0 0.8935613788590189 0.7097863161235296 0.21050690564770314 0.20834037650146514