0 0.26953125 0.3953125 0.47421875 0.27109375
0 0.2578125 0.32578125 0.334375 0.221875
0 0.3390625 0.334375 0.1796875 0.22578125
0 0.51484375 0.3046875 0.1828125 0.175
0 0.8 0.39453125 0.3671875 0.11328125
0 0.80625 0.30390625 0.37421875 0.1609375
0 0.79296875 0.6375 0.246875 0.21171875
0 0.81875 0.5734375 0.33203125 0.16875
0 0.815625 0.55546875 0.36328125 0.20078125
0 0.7921875 0.67578125 0.153125 0.215625
0 0.56328125 0.60390625 0.15390625 0.34453125
0 0.26640625 0.49609375 0.528125 0.18359375
0 0.259375 0.6734375 0.50546875 0.20234375
0 0.31875 0.68984375 0.375 0.1921875
0 0.425 0.7015625 0.13671875 0.153125