0 0.25744517130347033 0.39098839182450446 0.5081554952503016 0.32474260380123326
0 0.25409884328430915 0.3203893903416297 0.361293783355371 0.2595102401513493
0 0.33383060888814137 0.3377307406456409 0.20775934757972223 0.24545837452429886
0 0.5120751175945687 0.32776944471370434 0.20513895861557038 0.19545837452429887
0 0.7844680167354859 0.44847717003630605 0.3806435696514182 0.15271641209045955
0 0.7962077781554469 0.35891992151918073 0.3831820714604405 0.20115391209045957
0 0.7483380076903744 0.6897096650933902 0.27297491180407363 0.24031988836446344
0 0.7813009938955645 0.6284193380210835 0.35225962008095946 0.20613057216657182
0 0.7806801961795568 0.6103869210248891 0.3867917503386842 0.24028007908665394
0 0.7424255223896956 0.7278317476029041 0.17897925033868436 0.23181236859280005
0 0.5243958966545265 0.6304779506452034 0.19506899705932385 0.3603193705699663
0 0.2583060656946893 0.48982513984733816 0.5166121313893786 0.2421502796946763
0 0.2390404093176827 0.6665640533834913 0.4780808186353654 0.2581281067669828
0 0.27079286182881745 0.6890412312541008 0.3988823145630356 0.23297691505620896
0 0.37445677238969555 0.712838169999125 0.1569537641334942 0.16854836463846717