0 0.2972623939208361 0.38818391621508763 0.5945247878416722 0.6376127804146949
0 0.38748695988652543 0.46522337177844014 0.6331038300220613 0.6083347161903436
0 0.486754905709915 0.5426313195398765 0.6238743792362731 0.6109683932595653
0 0.5777929745688338 0.6126771466545265 0.6385533093438969 0.5914747648108628
0 0.7491307812266437 0.4813408582107728 0.11261562406898662 0.10877521370395282
0 0.6458473076957764 0.690941587518558 0.6660961124870501 0.5804487336031983
0 0.8263417905322685 0.5638014761440258 0.13321922249741008 0.11608974672063965
0 0.7615386201445544 0.7838550265735671 0.20902405128112633 0.20423155585660827
0 0.660293067206289 0.3807853375185579 0.12591614474715093 0.12661781094499086
0 0.5430199840793465 0.3051003420411137 0.11661391935425698 0.12768898801421233
0 0.22479879280407095 0.32644855608375084 0.4495975856081419 0.6158528878324983
0 0.4219862001666157 0.22649506445149387 0.11574062406898662 0.10893898801421242
0 0.29199479321835564 0.15615266621508764 0.11181510339082212 0.09158771370395287