0 0.09765625 0.83125 0.1875 0.31328125
0 0.15703125 0.66953125 0.20625 0.159375
0 0.2640625 0.7109375 0.18515625 0.203125
0 0.396875 0.86796875 0.22421875 0.1
0 0.4421875 0.740625 0.17734375 0.2203125
0 0.47578125 0.42578125 0.19375 0.1453125
0 0.440625 0.5859375 0.11171875 0.18203125
0 0.596875 0.478125 0.18359375 0.14921875
0 0.7484375 0.49609375 0.2671875 0.1765625
0 0.80546875 0.49296875 0.121875 0.2609375
0 0.7875 0.2859375 0.1046875 0.29765625
0 0.9015625 0.13046875 0.19375 0.2609375
0 0.2 0.63046875 0.07265625 0.06171875
0 0.13046875 0.75546875 0.05390625 0.0828125
0 0.053125 0.97109375 0.0375 0.05078125
0 0.28671875 0.68046875 0.053125 0.07890625
0 0.21328125 0.77578125 0.04375 0.05625
0 0.37734375 0.88359375 0.02734375 0.0609375
0 0.4421875 0.78359375 0.05390625 0.0953125
0 0.46640625 0.59921875 0.040625 0.09765625
0 0.59140625 0.45 0.0484375 0.07578125
0 0.77265625 0.44140625 0.06015625 0.075
0 0.95 0.04296875 0.059375 0.06484375
0 0.8140625 0.365625 0.0296875 0.06953125