0 0.2375923926757272 0.87421875 0.2742167117440431 0.2515625
0 0.24754097332147035 0.75234375 0.250304022745079 0.2078125
0 0.3621856701783172 0.76484375 0.2426028387085138 0.24375
0 0.5363937657112565 0.88203125 0.25095468610347993 0.1546875
0 0.5410726495001528 0.74765625 0.24176808477957223 0.259375
0 0.4772625907754284 0.434375 0.2338785020669146 0.190625
0 0.4927164245215433 0.5984375 0.1657834735308672 0.2046875
0 0.6094222733642516 0.45390625 0.22613877667402046 0.1921875
0 0.7591846788647695 0.43203125 0.31425951488719617 0.2390625
0 0.8122540208830522 0.4140625 0.19910970388616037 0.2828125
0 0.7328446949948201 0.21875 0.19275269602827744 0.3140625
0 0.7958091137299044 0.09453125 0.26349322745980874 0.1890625
0 0.27653496050118875 0.70390625 0.08964900496239867 0.0796875
0 0.24860051323005714 0.8421875 0.07780397642635144 0.09375
0 0.3746107415184354 0.7296875 0.07602315260503385 0.0890625
0 0.3336839886229513 0.840625 0.05930653349844599 0.065625
0 0.5224960856036327 0.90234375 0.04524403349844608 0.065625
0 0.553938676588458 0.7890625 0.08151117328319835 0.10625
0 0.5211325229499668 0.6046875 0.0689383986760923 0.1046875
0 0.5949402423470049 0.428125 0.06955482878371626 0.084375
0 0.765794243794747 0.37265625 0.08063787799792799 0.0875
0 0.7822133023145836 0.2890625 0.05029540653397539 0.0734375