0 0.4421875 0.51796875 0.625 0.5640625
0 0.33046875 0.5796875 0.55703125 0.49140625
0 0.46875 0.3421875 0.721875 0.43828125
0 0.696875 0.81875 0.59765625 0.3625
0 0.7375 0.78671875 0.32578125 0.4265625
0 0.82578125 0.4859375 0.3484375 0.25390625
0 0.8921875 0.32421875 0.2125 0.17890625
0 0.68671875 0.14765625 0.04921875 0.06484375
0 0.7390625 0.21796875 0.040625 0.0625
0 0.753125 0.39609375 0.05078125 0.096875
0 0.2875 0.41484375 0.053125 0.059375
0 0.2796875 0.3234375 0.04765625 0.06640625
0 0.14453125 0.5015625 0.08046875 0.065625
0 0.6796875 0.6296875 0.065625 0.08046875
0 0.54375 0.71484375 0.090625 0.071875
0 0.96171875 0.546875 0.06328125 0.08515625
0 0.83515625 0.65234375 0.084375 0.08125
0 0.97578125 0.7015625 0.04140625 0.078125