0 0.4194068939230907 0.5329846458952782 0.7005481951997078 0.6312630642076396
0 0.31077262220921437 0.6024048334905906 0.6215452444184287 0.5513924198309728
0 0.43938556182960553 0.35591365282913234 0.7810275996667686 0.5160757817225701
0 0.6683537003760127 0.8016573382402432 0.607983897847523 0.39668532351951347
0 0.7260955798216828 0.7759049969595836 0.3820421360606986 0.44819000608083287
0 0.7982446774215367 0.4761060515742021 0.3741097038861604 0.29121341356270863
0 0.8614639230783105 0.31099085106111185 0.23565932588823238 0.2005858007211808
0 0.6492829083960021 0.14806870450024362 0.05952485731976367 0.07162173328250007
0 0.7040388748975561 0.2150393053739242 0.0483690334984459 0.06667966014423614
0 0.7255392315981471 0.39151153960635476 0.06254284946188075 0.10290810087368056
0 0.26105504652812456 0.4401399164125003 0.060796258891340216 0.06540810087368065
0 0.2488697237402643 0.3491330567051044 0.05632708271265772 0.06998649810013893
0 0.12127760897690262 0.5362128697753821 0.08928513192686945 0.07387521751493047
0 0.6620609667109509 0.6293557253018062 0.07587760339082213 0.08761040919430556
0 0.5294239410703878 0.7232485828250004 0.10058650496239867 0.0819422906531944
0 0.9404835272977021 0.5286888037584035 0.07446065260503403 0.09069904160312507
0 0.8178743190683158 0.6423674844198619 0.09477315260503402 0.09117182028847245
0 0.9528828658013282 0.6822683986481606 0.03659677956950454 0.08201371941479181