0 0.140625 0.1875 0.28125 0.14296875
0 0.38046875 0.2 0.20546875 0.11875
0 0.603125 0.18203125 0.21015625 0.109375
0 0.8484375 0.15078125 0.25546875 0.04609375
0 0.7921875 0.2390625 0.16796875 0.12265625
0 0.903125 0.29453125 0.0359375 0.03671875
0 0.93671875 0.24296875 0.11328125 0.1359375
0 0.1015625 0.47734375 0.18515625 0.12109375
0 0.03046875 0.37265625 0.05625 0.05703125
0 0.03046875 0.38359375 0.05703125 0.07890625
0 0.07734375 0.32265625 0.14921875 0.1171875
0 0.328125 0.33515625 0.26015625 0.12890625
0 0.59453125 0.315625 0.18984375 0.1203125
0 0.70625 0.38203125 0.26328125 0.14609375
0 0.925 0.371875 0.14921875 0.12890625
0 0.278125 0.45234375 0.20546875 0.10859375
0 0.48515625 0.5140625 0.20859375 0.0921875
0 0.6796875 0.51875 0.171875 0.1234375
0 0.475 0.41953125 0.1734375 0.0859375
0 0.79375 0.55703125 0.0421875 0.04140625
0 0.84609375 0.51640625 0.14140625 0.109375
0 0.88359375 0.47734375 0.21796875 0.084375
0 0.0984375 0.73203125 0.19140625 0.12890625
0 0.0546875 0.63125 0.06953125 0.05078125
0 0.0578125 0.634375 0.1140625 0.04765625
0 0.0765625 0.57265625 0.1390625 0.05234375
0 0.32734375 0.6765625 0.26640625 0.140625
0 0.28046875 0.55390625 0.16015625 0.08671875
0 0.61015625 0.6265625 0.25859375 0.121875
0 0.77265625 0.696875 0.25 0.15546875
0 0.921875 0.74296875 0.03359375 0.040625
0 0.953125 0.6890625 0.09375 0.12734375
0 0.9609375 0.571875 0.078125 0.09375
0 0.84609375 0.64375 0.10390625 0.05703125
0 0.79609375 0.59609375 0.0546875 0.04140625
0 0.8421875 0.60078125 0.14921875 0.0484375
0 0.12265625 0.8375 0.23203125 0.07109375
0 0.2 0.84609375 0.06171875 0.04609375
0 0.2703125 0.8171875 0.1359375 0.1109375
0 0.4421875 0.8125 0.203125 0.13125
0 0.5640625 0.753125 0.2 0.12421875
0 0.8921875 0.8125 0.19765625 0.1015625
0 0.175 0.62265625 0.03828125 0.0453125
0 0.17734375 0.578125 0.04453125 0.12109375
0 0.6671875 0.81875 0.23984375 0.10234375
0 0.22578125 0.2234375 0.07109375 0.06171875
0 0.546875 0.4984375 0.06015625 0.05390625
0 0.1578125 0.6921875 0.0625 0.0515625
0 0.60859375 0.71171875 0.05546875 0.06015625
0 0.98203125 0.33515625 0.0359375 0.05390625
0 0.65078125 0.27734375 0.05859375 0.05390625
0 0.1390625 0.14921875 0.103125 0.05390625
0 0.40390625 0.2953125 0.096875 0.0546875
0 0.7765625 0.33515625 0.10078125 0.05625
0 0.409375 0.62578125 0.09921875 0.0515625
0 0.1 0.56171875 0.103125 0.0515625
0 0.32109375 0.165625 0.05546875 0.04765625
0 0.76328125 0.21015625 0.059375 0.046875
0 0.25546875 0.5453125 0.059375 0.0453125
0 0.58515625 0.5859375 0.05859375 0.04140625
0 0.6375 0.16875 0.06796875 0.053125
0 0.89609375 0.15078125 0.07109375 0.0515625
0 0.96953125 0.4671875 0.06015625 0.06015625
0 0.5125 0.40078125 0.06875 0.05078125
0 0.13359375 0.4453125 0.06953125 0.05234375
0 0.48125 0.775 0.06953125 0.0546875
0 0.9734375 0.7875 0.05234375 0.05625
0 0.66484375 0.4875 0.040625 0.05859375
0 0.25078125 0.425 0.0421875 0.04609375
0 0.1796875 0.36015625 0.04140625 0.04765625
0 0.2203125 0.73125 0.040625 0.040625
0 0.2953125 0.859375 0.03984375 0.03359375
0 0.0484375 0.28046875 0.0578125 0.040625
0 0.38125 0.58359375 0.03671875 0.02890625
0 0.84375 0.41875 0.03359375 0.04140625