0 0.5 0.59296875 0.52734375 0.55625
0 0.428125 0.71875 0.54296875 0.51796875
0 0.378125 0.80703125 0.55078125 0.3859375
0 0.2625 0.59765625 0.08359375 0.09765625
0 0.20234375 0.75546875 0.06875 0.084375
0 0.5609375 0.48203125 0.51171875 0.534375
0 0.3296875 0.465625 0.08984375 0.09140625
0 0.396875 0.3359375 0.0921875 0.08828125
0 0.62734375 0.3765625 0.484375 0.5640625
0 0.4765625 0.225 0.1015625 0.1
0 0.73046875 0.29140625 0.5390625 0.5828125
0 0.559375 0.13671875 0.0953125 0.11640625
0 0.784375 0.14921875 0.175 0.17109375