0 0.7804677161516868 0.31327809004319507 0.3031730934278599 0.4380143719595836
0 0.48926605463148876 0.3135267842880213 0.30013902164110534 0.4410666367772224
0 0.18627744695135684 0.3111589715989932 0.30758780878812386 0.4287484747331253
0 0.797180472353386 0.7266684428167367 0.29913881129540626 0.4066916367772224
0 0.5066918646732539 0.7245915708571532 0.2899911318285199 0.41428593123013896
0 0.20285381083318796 0.7198618243725349 0.29932066772189714 0.41294163677722223
0 0.8758831677218971 0.42636127792284795 0.1070349131695508 0.1367752610179167
0 0.5883531093294846 0.15032022910152826 0.05310827962517113 0.054325130508958396
0 0.6740321965556454 0.1702710128208686 0.05489810015828454 0.062173998100138926
0 0.2947395016493527 0.14817062195958358 0.062346887305303154 0.049855836056041714
0 0.38175376834240005 0.1603452732701045 0.06900606426490725 0.06406380642076392
0 0.5783633100417651 0.4241207518029519 0.10887019780928675 0.14618662860909737
0 0.8831754598169734 0.8379709251493063 0.10078491316955081 0.13662979065319442
0 0.6850034181176085 0.5741590790252783 0.07392088479802066 0.07198540919430556
0 0.5894027277636622 0.8303525680073616 0.10390991316955045 0.13670252583555573
0 0.39603184633085387 0.5705560746568754 0.059540136051661904 0.060720600873680655
0 0.2783633100417651 0.41713817429628497 0.10565426959604132 0.1429888934267362
0 0.07472251834240007 0.15319904160312506 0.059721992478152595 0.0669706008736806
0 0.8868588054894186 0.15961018901701463 0.05926735141192587 0.051345600873680605
0 0.09132161427754253 0.5626831443766667 0.0675344924781526 0.06715243882958344