0 0.9231788068204285 0.3173161972072331 0.15118776785361235 0.5172795013526355
0 0.8683808437553548 0.7717678872135965 0.2247968173671449 0.4384647053628168
0 0.8305509760573079 0.2988667365531871 0.23402754139256246 0.5198056120305441
0 0.7318257349890569 0.7639837538988228 0.23918659983454874 0.45737833736472594
0 0.6973254188331375 0.27932749057132256 0.23221957954200967 0.5057249306969986
0 0.5999035791448583 0.759270076583413 0.2190922881461516 0.469641980028635
0 0.5610566822258181 0.2551398439688196 0.22136390015886037 0.5102796879376392
0 0.46422517776488653 0.7460081026018667 0.23663434415250606 0.49015447469763485
0 0.4207589646932221 0.24113243531191006 0.22723207061355577 0.4822648706238201
0 0.32891496916074425 0.7116523786203203 0.22772299431466186 0.5166078866963624
0 0.2801339646932221 0.24197786732177326 0.23660707061355576 0.4839557346435465
0 0.1887808928618504 0.6851636986394103 0.2419218620094136 0.5245840186982711
0 0.1469629545469524 0.21852273333068192 0.23107409090609518 0.43704546666136385
0 0.08702489285855512 0.6637892326543642 0.17404978571711024 0.5067965346912716
0 0.9571332467568844 0.5200048452021424 0.05254434740221221 0.05684998400699968
0 0.8308707556853381 0.5042900332193234 0.052353432629559646 0.045912484006999675
0 0.8831463218379623 0.5075872085455511 0.04941934740221221 0.05681362133990877
0 0.9113448287345258 0.10031051054268754 0.04791139448011279 0.05992044000636332
0 0.9597005081176748 0.10443438920277874 0.04303297970746058 0.048928396005727
0 0.9461763814977647 0.6107389332034151 0.0446227532464107 0.0505090773392725
0 0.8121559375041191 0.5919900278883233 0.04481366801906326 0.0614465773392725
0 0.8698729801177929 0.5967860685471418 0.041688668019063256 0.06141021467218159
0 0.7320091469223355 0.9772195505649591 0.03955342370110611 0.028579533338636054
0 0.79446823661391 0.9788360472231414 0.04259660308425524 0.02392839600572714
0 0.7023054249222174 0.4862587432368226 0.03223184740221221 0.05661362667090888
0 0.6759826582831259 0.5623308945735497 0.04462275324641087 0.050509077339272325
0 0.7342763993546721 0.5788365945655956 0.04314207386326192 0.05517839600572714
0 0.6602841513865624 0.9694621419080496 0.04610343262955983 0.045839758672817865
0 0.7812306347408803 0.08151615189373215 0.033685253246410876 0.05038180800445433
0 0.6488954216725112 0.05571781524509497 0.03889095048646744 0.08012385200509067
0 0.6923181392051072 0.07395873790582251 0.03204093262956 0.0456761266709089
0 0.5763429427791249 0.45335643125400366 0.038645488635914306 0.0660613520050907
0 0.616736117698047 0.46616496658182205 0.03840002678536116 0.05199885200509069
0 0.5496792569031541 0.5489598325907308 0.043305715096963834 0.06455339600572714
0 0.6058201627473527 0.5545553045830948 0.04141593262955982 0.04578521467218159
0 0.5356796177013423 0.9482603985916853 0.07814436525911965 0.09151588534372693
0 0.5931239249255127 0.9686814392505039 0.039907979707460586 0.04889203333863605
0 0.5108869070620147 0.044801780633365165 0.0438511858759707 0.08960356126673033
0 0.5560494025977878 0.04976835459104893 0.03829093262956 0.04574885200509067
0 0.5336056124197459 0.12735755259391243 0.035629582791715644 0.07227498933799978
0 0.4344145413991532 0.44016718260663906 0.0419341298696164 0.0754727146721816
0 0.4091769878284307 0.5435649026098208 0.034203450486467266 0.08006930800445425
0 0.460067331984232 0.5367240092695938 0.038645488635914306 0.0660613520050907
0 0.33944554586667525 0.9138324966184113 0.04366027110331831 0.08486589600572714
0 0.38995406047717185 0.9288666032781844 0.05610572402541765 0.08188634667409075
0 0.47093132508766844 0.9435461739338212 0.04155230032431163 0.05359771467218159
0 0.4380502357998358 0.6346166166056847 0.03749209172016936 0.08948067067154533
0 0.6700243534912922 0.14295418590868603 0.039000044642268604 0.08637385200509069
0 0.7961135206995766 0.21334740722473228 0.03406708279171564 0.07225680800445433
0 0.8694933303626742 0.797530955880051 0.07945349512873605 0.1665158853437269
0 0.3726602041399153 0.0424585779758193 0.035929591720169365 0.0849171559516386
0 0.4085158835230643 0.046973355307137574 0.048593232953871454 0.09394671061427515
0 0.2023410121814552 0.8927762039704105 0.0355204886359143 0.06602498933799979
0 0.252163734178278 0.9023506512969561 0.05292617694751698 0.07872498400699968
0 0.270782689532714 0.5069017912953655 0.04821140340856669 0.07710794000636341
0 0.3194559687537072 0.5375790792886839 0.03573867694751698 0.07852498933799978
0 0.30305149310343643 0.40342225529122916 0.040562544642268696 0.08639203333863606
0 0.2325982658283126 0.05579491931890975 0.0441784683433748 0.1115898386378195
0 0.2792647601462697 0.022718789982500806 0.044595479707460584 0.04543757996500161
0 0.2568209699682279 0.0985534892982289 0.037873921265474134 0.11135567067154524
0 0.21420718141503917 0.39195859130331956 0.04336026217486459 0.06767839600572705
0 0.06360579464885927 0.8756443426559549 0.046485262174864615 0.06771475867281822
0 0.11973306372358275 0.882021064648319 0.05944891233702041 0.0944227093411815
0 0.13918781615591944 0.48343811397995556 0.03719208279171564 0.07229317067154532
0 0.19198553368851537 0.5015699486394103 0.043414809252765266 0.07080339600572697
0 0.08528334050564867 0.3497176419875915 0.04404210064862313 0.10674089600572696
0 0.1361732792209932 0.030586381325591265 0.04640344155801359 0.06117276265118253
0 0.004654903411861946 0.8475198899984091 0.009309806823723892 0.0768352200031817
0 0.054812816155919444 0.4844199059914095 0.0499375446422687 0.08650112133990877