0 0.828125 0.24188287008353027 0.34375 0.44557589060400843
0 0.8847003058566083 0.69340591765539 0.23059938828678347 0.5432572211662517
0 0.587856283355371 0.26204329123714665 0.369462566710742 0.5006271034569899
0 0.7141896477821209 0.7311251141129403 0.3783329556748942 0.5377497717741193
0 0.47228210877254034 0.7569439849563052 0.3665013410210015 0.4861120300873896
0 0.3459487443457904 0.2901071406040084 0.3645227611928181 0.5254452470304991
0 0.1800525859326189 0.5778020542357774 0.3268589868825586 0.5212291084715547
0 0.6979428550429542 0.025768473607027127 0.058385710085908295 0.012619671945039202
0 0.9384881264125375 0.3884743767474478 0.07465916327441136 0.05521634890464337
0 0.7282809667561706 0.4260412582467632 0.05138543758467105 0.05765938730530316
0 0.8016399016273082 0.41179455331134057 0.06166784034363317 0.045477636051661816
0 0.7172804324962885 0.15660093646000856 0.040939260515449584 0.06671613855894436
0 0.8388732287419582 0.31849083419015295 0.08977955223856356 0.10558006175762476
0 0.9742950723649516 0.47626153325308085 0.051409855270096824 0.05797763605166182
0 0.7570820754171693 0.5290669698461035 0.05311171189493056 0.06082985141192587
0 0.8232017203742152 0.5255304443775674 0.04620661465389233 0.048147994985435004
0 0.8578588398893479 0.9189083713371715 0.056646147670579336 0.06873327962517095
0 0.921310508252142 0.8942326317620128 0.04645227611928178 0.05283549498543536
0 0.8448454262762519 0.6408288354437942 0.039949970601357875 0.0776081744523216
0 0.6203091779737326 0.032870268275893066 0.04999335594746519 0.031096887305303113
0 0.3813185990500603 0.07193981380268884 0.05549308344622812 0.07650031551854845
0 0.4532378646538925 0.0599913947606435 0.05747166327441171 0.054716243731793845
0 0.6176057383528967 0.35339571694310956 0.09570200361804453 0.09951191818411545
0 0.4878507185651929 0.46740908966693623 0.0520405348257091 0.07015938730530316
0 0.5582074841690252 0.4554152065182683 0.04768722749876275 0.04663095909205772
0 0.5150450616223594 0.5844291051063425 0.049161196291098365 0.07475595909205772
0 0.5804686657608025 0.5676113296378065 0.0676655348257091 0.07061402837152997
0 0.5960361120519007 0.6413898104374766 0.04743492198083885 0.07158549498543501
0 0.705508445836813 0.9441176568348373 0.049822937584671045 0.05761392319868044
0 0.20219434305716652 0.12211199538114648 0.06305327792830413 0.10168217194503919
0 0.3299939529613607 0.4768569828447342 0.05376680913596861 0.07332985141192587
0 0.25929859339585076 0.34843045447320425 0.05129026232447185 0.11538095909205773
0 0.6123316559227213 0.9523273104374766 0.05137879353213641 0.08730142319868044
0 0.45492194764583543 0.9789841210079672 0.04809666327441171 0.042031757984065624
0 0.3336246432595652 0.6056723046314888 0.06643058344622813 0.07681856426490725
0 0.34910688036926646 0.6927093033778476 0.0428226650834338 0.1026536385589445
0 0.5083534848463938 0.9032783935070021 0.08772572930778502 0.09615959765100186
0 0.3799286759375677 0.4026442445232167 0.0924132293077851 0.09629598997087001
0 0.2051400378779268 0.37181647868809903 0.04924308344622812 0.07631845909205773
0 0.19984054273916688 0.7172282670887589 0.09257700361804462 0.09942098997087019
0 0.29872510006611314 0.7435072737526764 0.05244997060135788 0.07797188730530316
0 0.028321910333735482 0.40645458847980204 0.017665534825709085 0.0691591769596041
0 0.12038873812575404 0.7640601514910681 0.06288950361804461 0.0985571719450391