0 0.2875 0.08515625 0.4109375 0.1453125
0 0.70546875 0.08359375 0.40390625 0.1453125
0 0.290625 0.234375 0.39921875 0.1421875
0 0.7046875 0.23046875 0.4234375 0.14609375
0 0.68515625 0.37734375 0.3734375 0.13125
0 0.29765625 0.38203125 0.4015625 0.14765625
0 0.29453125 0.5359375 0.359375 0.134375
0 0.69140625 0.53125 0.4078125 0.13671875
0 0.3015625 0.67578125 0.35546875 0.1375
0 0.68046875 0.67109375 0.3640625 0.12265625
0 0.31484375 0.80234375 0.3515625 0.1296875
0 0.65859375 0.79765625 0.3359375 0.12421875
0 0.321875 0.92890625 0.3359375 0.12734375
0 0.64609375 0.92578125 0.30078125 0.1046875
0 0.390625 0.04140625 0.153125 0.05390625
0 0.8546875 0.12734375 0.09375 0.0359375
0 0.55703125 0.13046875 0.08046875 0.0296875
0 0.1390625 0.1859375 0.06796875 0.0453125
0 0.1375 0.12734375 0.08125 0.0359375
0 0.11484375 0.03359375 0.0671875 0.04140625
0 0.3875 0.19296875 0.14765625 0.0515625
0 0.146875 0.28203125 0.09375 0.0390625
0 0.55234375 0.28203125 0.0921875 0.025
0 0.83203125 0.28046875 0.096875 0.0390625
0 0.81875 0.43125 0.075 0.03515625
0 0.39921875 0.34140625 0.15390625 0.05
0 0.171875 0.43359375 0.06015625 0.03359375
0 0.55546875 0.4234375 0.07265625 0.04296875
0 0.79765625 0.5734375 0.09140625 0.0375
0 0.39453125 0.49765625 0.09765625 0.053125
0 0.17109375 0.5796875 0.06328125 0.03984375
0 0.3828125 0.63515625 0.0953125 0.0546875
0 0.5359375 0.57265625 0.04375 0.03828125
0 0.184375 0.709375 0.0609375 0.0390625
0 0.7765625 0.7625 0.0421875 0.03671875
0 0.78515625 0.7109375 0.06484375 0.03828125
0 0.52265625 0.71015625 0.053125 0.040625
0 0.20703125 0.89375 0.046875 0.0328125
0 0.20078125 0.83671875 0.05 0.034375
0 0.7703125 0.8890625 0.0375 0.0296875
0 0.77578125 0.8375 0.04140625 0.03046875
0 0.52421875 0.83671875 0.05078125 0.03203125
0 0.40703125 0.77578125 0.0796875 0.0484375
0 0.209375 0.9625 0.046875 0.03671875
0 0.76640625 0.965625 0.03828125 0.0265625
0 0.51796875 0.96796875 0.02734375 0.03359375