0 0.04921875 0.02421875 0.0890625 0.0359375
0 0.03984375 0.284375 0.071875 0.040625
0 0.05 0.2109375 0.06953125 0.0265625
0 0.41875 0.2 0.09140625 0.040625
0 0.43359375 0.02578125 0.071875 0.03515625
0 0.559375 0.02890625 0.0703125 0.04453125
0 0.55078125 0.28125 0.059375 0.04296875
0 0.54140625 0.20234375 0.06796875 0.0359375
0 0.6453125 0.21015625 0.11640625 0.025
0 0.94296875 0.0265625 0.07109375 0.028125
0 0.9515625 0.18515625 0.065625 0.0359375
0 0.95078125 0.28125 0.0671875 0.0390625
0 0.4546875 0.53203125 0.04453125 0.0453125
0 0.5546875 0.4546875 0.0515625 0.046875
0 0.63046875 0.46328125 0.07890625 0.025
0 0.94921875 0.4328125 0.04921875 0.03671875
0 0.45234375 0.28046875 0.05546875 0.040625
0 0.03984375 0.53984375 0.03984375 0.04375
0 0.05390625 0.46484375 0.09296875 0.046875
0 0.28828125 0.46796875 0.115625 0.0296875
0 0.4296875 0.43359375 0.06171875 0.025
0 0.54140625 0.55234375 0.053125 0.05703125
0 0.9625 0.54765625 0.04375 0.0484375
0 0.9421875 0.7109375 0.046875 0.0328125
0 0.56640625 0.71328125 0.05 0.04609375
0 0.68359375 0.721875 0.06640625 0.02578125
0 0.45078125 0.703125 0.04296875 0.0453125
0 0.0484375 0.70390625 0.04296875 0.04375
0 0.12421875 0.72109375 0.09296875 0.028125
0 0.29765625 0.82109375 0.03515625 0.06484375
0 0.70625 0.815625 0.0359375 0.05546875
0 0.7046875 0.953125 0.040625 0.04609375
0 0.29453125 0.95546875 0.05078125 0.05234375
0 0.61953125 0.89453125 0.078125 0.065625
0 0.4328125 0.97421875 0.0921875 0.03203125