0 0.6875 0.22265625 0.384375 0.28984375
0 0.30234375 0.22265625 0.3828125 0.29296875
0 0.30625 0.51953125 0.384375 0.290625
0 0.68984375 0.51875 0.38671875 0.3
0 0.69140625 0.815625 0.38984375 0.2765625
0 0.30703125 0.82890625 0.38359375 0.3046875
0 0.27734375 0.1421875 0.09296875 0.1046875
0 0.17734375 0.31640625 0.0609375 0.075
0 0.66015625 0.14609375 0.09375 0.10390625
0 0.5671875 0.31796875 0.06484375 0.07421875
0 0.66484375 0.44140625 0.09765625 0.11484375
0 0.5625 0.61640625 0.07265625 0.0734375
0 0.28203125 0.44609375 0.11328125 0.11171875
0 0.18359375 0.615625 0.0828125 0.084375
0 0.6640625 0.7375 0.1125 0.1140625
0 0.27734375 0.7359375 0.1203125 0.11015625
0 0.18046875 0.915625 0.0671875 0.06640625
0 0.56875 0.91484375 0.07578125 0.078125