0 0.21145134615211184 0.3700744309401916 0.3731380169541108 0.4420188967267734
0 0.29554182567883525 0.7520808882892529 0.37619024234700493 0.4405655241314349
0 0.5851458271265773 0.706815550625123 0.3731380169541108 0.4420188967267734
0 0.4996020095105127 0.3270982795737307 0.38273134077542836 0.4470337789407585
0 0.7893151728689135 0.2841766919096008 0.3607835661683225 0.4447073871081265
0 0.8464341600486319 0.6620313625981733 0.3071316799027361 0.4426538137871489
0 0.2223248035529287 0.7877430805773719 0.12391699710451584 0.1150843413771451
0 0.4145893862655864 0.8630952885594054 0.0877954065339754 0.07638393992586608
0 0.14224973593686413 0.40821678248413756 0.12235449710451585 0.11502977767481433
0 0.3310618329175455 0.4764286130615094 0.0895762303552928 0.08112600362819719
0 0.42947360008105323 0.36208834926651134 0.13663532092583353 0.12020835099579186
0 0.623373457400817 0.4390576209508758 0.08823205417661058 0.08575893992586607
0 0.5181060303935648 0.7411334977225652 0.1357277923897861 0.134216287293461
0 0.7056103384991168 0.8147595145976062 0.10138702564056316 0.10025794954451328
0 0.719295925350113 0.3215105116023814 0.13736306699689216 0.13583335099579194
0 0.8026779294839421 0.7050521871002774 0.13452916542531526 0.14197422359113004
0 0.979655536598818 0.7758260224869726 0.04068892680236402 0.08068949400955035
0 0.9136495469379001 0.39147581513791124 0.09470037799792799 0.0906646947351896