0 0.15234375 0.3859375 0.29921875 0.4390625
0 0.046875 0.6328125 0.09375 0.21953125
0 0.3890625 0.3328125 0.2640625 0.2
0 0.396875 0.5234375 0.246875 0.2171875
0 0.38359375 0.74453125 0.26171875 0.2234375
0 0.69921875 0.70625 0.2828125 0.334375
0 0.7921875 0.20625 0.3671875 0.4125
0 0.828125 0.1171875 0.34375 0.234375
0 0.76171875 0.39296875 0.334375 0.3125
0 0.725 0.5265625 0.2796875 0.27265625
0 0.90859375 0.715625 0.1828125 0.1875
0 0.91875 0.63359375 0.1625 0.23828125
0 0.93515625 0.8515625 0.12890625 0.296875
0 0.76875 0.8140625 0.0609375 0.07265625
0 0.8703125 0.359375 0.07578125 0.07109375
0 0.9640625 0.18984375 0.071875 0.05625
0 0.65078125 0.10625 0.04765625 0.06171875
0 0.69765625 0.07421875 0.046875 0.0609375
0 0.63828125 0.3140625 0.0453125 0.059375
0 0.63828125 0.23984375 0.0453125 0.06015625
0 0.8015625 0.70078125 0.053125 0.0578125
0 0.621875 0.41484375 0.0390625 0.05703125
0 0.91484375 0.75625 0.02890625 0.0765625
0 0.8453125 0.51875 0.06640625 0.04609375
0 0.79375 0.6328125 0.05859375 0.03828125
0 0.49921875 0.2953125 0.02734375 0.046875
0 0.49609375 0.48125 0.0265625 0.0578125
0 0.4765625 0.68671875 0.021875 0.0671875
0 0.25078125 0.3640625 0.0390625 0.07578125
0 0.0671875 0.55703125 0.02578125 0.06015625
0 0.1515625 0.22421875 0.02421875 0.053125