0 0.36752322215719546 0.8316758339552077 0.4526155007914229 0.3227689269192073
0 0.6129600911200985 0.9246777815602994 0.2231312746106063 0.10585204646340926
0 0.3172888560972863 0.6004059293163031 0.21246186223247854 0.2755278765014653
0 0.5074735868969564 0.5809516392786845 0.22914925705962902 0.25904071345960344
0 0.7290530702039091 0.5820671758190809 0.23585389812585583 0.27492038144438113
0 0.6944868197416907 0.26822485171252386 0.34747335972519605 0.30287823817418297
0 0.20510503714701853 0.20412779000043751 0.41021007429403705 0.391744419999125
0 0.11555680384006597 0.1765625 0.23111360768013195 0.353125
0 0.3813025096334185 0.22402250144569372 0.32861571113712174 0.3520505672236559
0 0.5146772992877194 0.25292213977297606 0.28483696740532805 0.29564405832640733
0 0.7051983138691958 0.07736501874589927 0.19585337226160834 0.15473003749179853
0 0.6241983664556205 0.07093594661650858 0.24535326708875882 0.14187189323301716
0 0.8411501857350927 0.048365926844845086 0.3020746285298145 0.09673185368969017
0 0.8028054365930226 0.19280174597130523 0.07525606426490725 0.06549234882113639
0 0.34928328299038347 0.11764250886006752 0.07566524122451135 0.07955484882113639
0 0.18082645117449894 0.03594281718647482 0.059949313011266006 0.07188563437294963
0 0.09354043369002871 0.35201614475307297 0.06547188730530311 0.051047846843970034
0 0.062069124835397796 0.3072594016731552 0.06390938730530311 0.05098417984777566
0 0.30110288110360395 0.3521421842592189 0.06230142319868044 0.04935801285158128
0 0.22683866699698124 0.3567288665784525 0.06230142319868044 0.04935801285158128
0 0.6896294866721648 0.1669806866934958 0.060966243731793844 0.057106845855386903
0 0.40145222209068854 0.36287941300468063 0.05743206677218957 0.04291701186299814
0 0.746877348508932 0.049940425324789275 0.07742631802583091 0.03280718281352518
0 0.5079990534443546 0.13380472524823958 0.050392456584775404 0.06916117688202617
0 0.6214106840857401 0.1783439510279518 0.04079013605166182 0.06096667490485981
0 0.280627593560874 0.49265443771926004 0.04773881802583091 0.031597509885831696
0 0.4665878256141854 0.48429681517212747 0.05863085391920819 0.030480678859192523
0 0.6715792024946472 0.49233085517256486 0.06786946159934022 0.02617518083635879
0 0.34688176471449034 0.7365370888981235 0.07618206677218975 0.04368101581733086
0 0.5377244103995708 0.9090156308757276 0.060147889812585474 0.028981845855386722
0 0.2056453477840161 0.8437341180613274 0.053897889812585566 0.02872717787060921