0 0.9168264186670086 0.27834265843180633 0.16634716266598276 0.4975685970739584
0 0.9147720688890573 0.7658692278672573 0.17045586222188547 0.46826154426548533
0 0.7428470719141195 0.26491267201517427 0.17156801131468152 0.48830269984750013
0 0.7512065561014378 0.7619149585843061 0.168315746287567 0.466354964665139
0 0.5787891170936593 0.26187532494121574 0.17151346916020388 0.47892769984750017
0 0.5894741705628184 0.7558071628971186 0.16522710772388524 0.47253222948277784
0 0.4210084333504379 0.26367094823197956 0.17151346916020369 0.47892769984750017
0 0.42700144164005727 0.7559262843364758 0.16532710167376125 0.4881474313270484
0 0.25303059299135827 0.2581989321800696 0.1745657462875668 0.46650043502986127
0 0.2621440561014378 0.7505319025447919 0.16535437275099998 0.4944072294827778
0 0.09210218335043788 0.2560155702884723 0.18097937275099996 0.4947709053945835
0 0.09888098681959709 0.7498564892664237 0.16531801131468152 0.48815722948277784
0 0.9728350746445938 0.4561780241231258 0.03481133723582168 0.07580008700597211
0 0.9730289547222644 0.08670132550989665 0.03328519867214012 0.0820137194147917
0 0.8058914516972022 0.09140374325357706 0.028597698672140126 0.08190461664125001
0 0.8465255420562819 0.09391180062427154 0.036337475799503235 0.0695864545971528
0 0.8048526891059744 0.44992475807121596 0.030160198672140127 0.08194098423243049
0 0.852449851771957 0.44087771960222294 0.03803633118569749 0.09306032218833345
0 0.8076843359592754 0.936643508071216 0.025490879390299526 0.08495688145888884
0 0.856866724522957 0.9315390871934035 0.03337610226293641 0.09763871941479181
0 0.9694076311388151 0.9411888037584035 0.03485678903121965 0.08361258700597247
0 0.6444303570365142 0.9375305947928478 0.03172269867214013 0.08197735182361114
0 0.6920229745229569 0.9277023063238549 0.02866133118569749 0.09284211664124982
0 0.8134242340891225 0.5805753460271188 0.028588608313060603 0.08034211664124999
0 0.6454731439264346 0.4454340137707991 0.028579517953980726 0.07877961664125017
0 0.6477855985505031 0.5743766313619797 0.03174087939029935 0.08510235182361114
0 0.6852537822937246 0.5697807035503131 0.02539997579950324 0.06933188145888884
0 0.6930703065924172 0.43638697530180615 0.03497496369925486 0.10392508700597229
0 0.6457533824153614 0.09080106515756999 0.028597698672140126 0.08190461664125004
0 0.6824312257995032 0.08462445355031308 0.02539997579950324 0.06933188145888888
0 0.4813970083878153 0.4392716666968407 0.0379545179539809 0.07899782218833344
0 0.5305566710537978 0.4302609958190282 0.034947692622015934 0.0992375870059723
0 0.4800783854404235 0.07835235049243096 0.03634656615858276 0.0711489545971528
0 0.520717020979043 0.08164165786312542 0.03172269867214013 0.08197735182361114
0 0.4852674178323439 0.5674694018792017 0.034829517953980905 0.07892508700597212
0 0.5251020774732643 0.566834275454306 0.02862496974937905 0.08659211664125
0 0.48660876667743463 0.9322949680836115 0.02856133723582168 0.07565461664124981
0 0.530304224522957 0.9239382606366672 0.0350113251355733 0.11017508700597248
0 0.3184278131335207 0.08630705480524332 0.03172269867214013 0.08197735182361114
0 0.358998270979043 0.0778776121759378 0.033276108313060514 0.08045121941479168
0 0.31812939392643463 0.4378150034184724 0.041052246876741985 0.07438305737069442
0 0.36648962587425793 0.4256611487450697 0.03495678298109546 0.10080008700597229
0 0.3217968329342133 0.9339269372140627 0.031768150467538184 0.08978985182361114
0 0.3677905889843375 0.9178122811538891 0.03802724082661779 0.09149782218833309
0 0.32278559855050315 0.5668121723964239 0.02861587939029935 0.08502961664125
0 0.36261116783234393 0.5646145459715282 0.03798178903121974 0.08368532218833344
0 0.15428804508134392 0.06920720773128486 0.02707156010845857 0.08811824905006946
0 0.1933869065176624 0.07636639751079878 0.03634656615858276 0.0711489545971528
0 0.15639700838781528 0.4317072077312849 0.03321247579950315 0.06951371941479181
0 0.20244530659241716 0.4249675516711113 0.03808178298109555 0.10087282218833327
0 0.15769342631835503 0.9230770901401042 0.027098831185697447 0.09280574905006951
0 0.2052951341638773 0.9148113016711112 0.034956782981095544 0.10080008700597212
0 0.15794184855050314 0.5629753915268751 0.03174087939029935 0.08510235182361114
0 0.19700434855050314 0.5638845813063891 0.03171360831306051 0.08041485182361115
0 0.032928213011883714 0.5577222342324306 0.027053379390299358 0.08499324905006951
0 0.044375814882036554 0.914190439779514 0.028724963699254768 0.10377961664125017
0 0.033239746876742034 0.0742012194147917 0.028643150467538216 0.08971711664125004
0 0.04070837587425793 0.4180785059839236 0.03499314441741401 0.1070500870059723