0 0.9007507806088974 0.29242759594271484 0.1921211047898165 0.5048802067816444
0 0.883039426807664 0.7708113835794993 0.19291960083548396 0.45837723284100135
0 0.7267866985936748 0.27806322725041177 0.19642660281265023 0.4957235306029618
0 0.7206349273019557 0.7689802290099947 0.19241026486592858 0.4620395419800106
0 0.5625968646012861 0.27354689350429673 0.19604460083548378 0.48634853060296185
0 0.5588843438038584 0.7640786553958195 0.18953993285070608 0.471842689208361
0 0.40521544612221694 0.2748267954901581 0.19604460083548378 0.4863485306029619
0 0.39684725882288646 0.7599219444780914 0.1902402698088445 0.48015611104381717
0 0.23718302912602257 0.26856602522627837 0.19866026486592867 0.4739940798171737
0 0.2320035088228865 0.7549112089532575 0.19043127079742775 0.49017758209348516
0 0.08955724851712524 0.2651220399085868 0.17911449703425047 0.5021190798171735
0 0.08177794612221699 0.7557962357319763 0.16355589224443398 0.4884075285360474
0 0.9514007435370283 0.47090150640563155 0.03899351581733086 0.07667381596343467
0 0.9625517381370019 0.10118831988786695 0.03768568380210837 0.08285104135632886
0 0.7949185691636412 0.10433893692754022 0.03299818380210837 0.08263271753501131
0 0.8355117356655442 0.10701232671229251 0.04030134783255335 0.07049659057054058
0 0.7834319935370283 0.463078236141752 0.034560683802108375 0.08270549214211727
0 0.831533912510389 0.45436036165848054 0.04281885277546919 0.0940068651776464
0 0.7721934742224754 0.9501972464808341 0.03000051779449713 0.0856121683207995
0 0.82169872570535 0.9454583966046688 0.038322353764052505 0.09847604135632863
0 0.93397589121867 0.9561669183162904 0.03931185079830257 0.08448631596343467
0 0.6085938892415034 0.9504048000382721 0.03612318380210837 0.08277826674922295
0 0.6567276417129614 0.9409056755550008 0.0334438527754692 0.09357021753501157
0 0.7882720493547966 0.59402002108794 0.03293451680591417 0.08107021753501123
0 0.6239614930427366 0.45799897621695446 0.03287084980971962 0.07950771753501122
0 0.6226152158566994 0.5870871627347191 0.03625051779449713 0.08590326674922295
0 0.660369883841477 0.5825837533052598 0.02936384783255317 0.0699871683207995
0 0.6720634120160975 0.44928110173368313 0.04013952174882984 0.10479881596343468
0 0.6345076511788637 0.10312953969918981 0.03299818380210837 0.08263271753501131
0 0.6715447361598356 0.09702724296617746 0.029363847832553348 0.06998716832079958
0 0.4598989930427367 0.4503576424708394 0.04224584980971961 0.0799443651776464
0 0.5095634120160975 0.44171254259467396 0.03994852076024671 0.10011131596343467
0 0.46910548566554394 0.08994668134596892 0.04036501482874755 0.07205909057054058
0 0.5096668186693496 0.09340132113072122 0.03612318380210837 0.08277826674922302
0 0.4601470493547966 0.57873735359571 0.03912084980971962 0.07979881596343467
0 0.5000544663509909 0.5790306060769093 0.03318918479069168 0.08732021753501122
0 0.4507495557434062 0.9438358147205804 0.03274351581733086 0.07638271753501122
0 0.49491339121866973 0.9357172537195444 0.04039418973360735 0.11104881596343467
0 0.30759498269979446 0.09651339681406562 0.03612318380210837 0.08277826674922302
0 0.347852568175058 0.08821289929526499 0.037622016805913996 0.08128854135632886
0 0.2963949085560563 0.44822144602827735 0.04517984882113639 0.07540241439185813
0 0.34540541152180587 0.43641495884855896 0.04001218775644109 0.10167381596343468
0 0.28633688726433704 0.9447882309744653 0.03644151878308026 0.09059076674922295
0 0.33238155772057254 0.9289299445805353 0.04275518577927473 0.0924443651776464
0 0.2973923813700191 0.5774187944567007 0.03312551779449713 0.08575771753501123
0 0.337395298860505 0.5753682969379001 0.04243685079830275 0.0846318651776464
0 0.14316506817505797 0.07867942576439767 0.03169035178688593 0.08880994292790542
0 0.1820047336883776 0.0859675409420441 0.04036501482874764 0.07205909057054058
0 0.13464432505795915 0.44147052419282107 0.03717634783255326 0.070351041356329
0 0.1810882435370283 0.4350236251024439 0.04313718775644104 0.1018193651776464
0 0.12165230475482303 0.9332042599247974 0.03188135277546911 0.09349744292790518
0 0.16972239023008656 0.9252676354415261 0.04001218775644109 0.10167381596343468
0 0.13242129737763028 0.5728660734070328 0.03625051779449713 0.08590326674922295
0 0.17151563087572747 0.5739041885846792 0.036059516805913946 0.08121576674922296
0 0.011617319886488023 0.5662628548385642 0.023234639772976046 0.08568494292790554
0 0.012753408308910568 0.9232406009096227 0.025506816617821136 0.10450771753501158
0 0.022438732699794448 0.08323203101724665 0.03331651878308031 0.0904452175350113
0 0.019767377452867413 0.4267102032669877 0.039534754905734826 0.10792381596343467