0 0.6165255233529536 0.13643178171120543 0.6768010467059072 0.27286356342241086
0 0.7477749760104995 0.04758705951145056 0.22939769334818116 0.09517411902290113
0 0.8920335060073178 0.009693675409405583 0.0613011266709087 0.019387350818811166
0 0.3394261266709089 0.020124242248666564 0.07561816534054513 0.04024848449733313
0 0.5431725760661787 0.4561941899848839 0.7863782307447238 0.6204116255742527
0 0.6096298123408632 0.31069270320965076 0.7807403753182734 0.5157241255742526
0 0.6276619233370453 0.1847705711737443 0.7446761533259094 0.3695411423474886
0 0.8009465240292712 0.16912131128568514 0.23281359468490806 0.14784377872743368
0 0.4143084953453176 0.06421035828779592 0.09445907200827239 0.06639781570031096
0 0.7988129540499522 0.32169257443986476 0.2067783533577261 0.19160918927901224
0 0.9046266020448617 0.278004216646179 0.06933180267345448 0.05400423151356133
0 0.9479487933640893 0.1715043166885313 0.05708634134309065 0.07515118942018657
0 0.9375032840547248 0.34879485878190614 0.05683180267345449 0.053276189420186526
0 0.45518277474536006 0.5535689899001792 0.6723520934118146 0.6168932414722077
0 0.7437998320734966 0.4984517664908873 0.18782835868872638 0.17332962613895014
0 0.8628765487348605 0.4524273639729907 0.08501134667409076 0.059601784130279965
0 0.4590857406906353 0.14994346096098415 0.08517497867599957 0.07366428413027988
0 0.8435549314130872 0.5387666823747248 0.06171929734245403 0.0707367052052021
0 0.4600311700349984 0.23119346096098417 0.07894316000954511 0.07486276308359248
0 0.3335446794239049 0.6482129029414194 0.5429191320814508 0.6312148047534443
0 0.6084174100890868 0.6212584768871741 0.18299540802036277 0.16055661035393456
0 0.7186560234324955 0.6891068585701445 0.04275112133990877 0.05089464206513981
0 0.4391743247135433 0.31996753462439004 0.0806329293443632 0.08589126834526431
0 0.3996038420591791 0.4129586714278581 0.08203179734245411 0.07191977360693613
0 0.46133441943822245 0.7463102267459997 0.16711586935072642 0.1377715577372161
0 0.5341093954487219 0.8194677347090946 0.05843066534054522 0.05649219468185827
0 0.18888670743154093 0.7129263922769015 0.3670100654041786 0.5428972154461971
0 0.40236904678544916 0.8521576793203659 0.08210452267663584 0.07816977360693614
0 0.5904224827736769 0.7544272926580721 0.08506589067472685 0.06428928413027997
0 0.31211348006840595 0.48606921871231756 0.08186816534054513 0.057857273606936134
0 0.06906291406745144 0.49318928690229014 0.07712612133990877 0.05289675782192056
0 0.2514150741167674 0.8460959370716992 0.16206474267981755 0.10624854195220053
0 0.30245141012885773 0.9322462686982002 0.06141021467218159 0.0441742052052021
0 0.1601820941279032 0.9334964975103384 0.08177725867281786 0.050044773606936134
0 0.03425539345953965 0.9283224210749221 0.04742044000636334 0.049605157850155734