0 0.08671875 0.14296875 0.17265625 0.2859375
0 0.028125 0.053125 0.05625 0.08515625
0 0.240625 0.06875 0.32578125 0.13671875
0 0.4546875 0.35078125 0.3671875 0.55390625
0 0.45 0.3203125 0.36640625 0.51015625
0 0.3390625 0.103125 0.06640625 0.071875
0 0.11328125 0.05078125 0.06875 0.06015625
0 0.15234375 0.48125 0.19765625 0.2875
0 0.065625 0.52734375 0.13125 0.40859375
0 0.0953125 0.415625 0.10078125 0.28828125
0 0.1203125 0.2515625 0.05 0.11328125
0 0.18125 0.76875 0.3625 0.3
0 0.3046875 0.5890625 0.065625 0.0796875
0 0.403125 0.446875 0.35 0.28828125
0 0.384375 0.51015625 0.0625 0.07109375
0 0.446875 0.12578125 0.059375 0.09609375
0 0.50234375 0.17890625 0.10703125 0.13515625
0 0.73203125 0.1734375 0.3390625 0.346875
0 0.62890625 0.5125 0.32734375 0.35546875
0 0.66015625 0.30390625 0.053125 0.07265625
0 0.846875 0.71328125 0.30625 0.4890625
0 0.75859375 0.5609375 0.0703125 0.1109375
0 0.90078125 0.6171875 0.19765625 0.55390625
0 0.846875 0.48203125 0.07890625 0.19921875
0 0.9828125 0.81796875 0.034375 0.1015625
0 0.42421875 0.83203125 0.3328125 0.3359375
0 0.42890625 0.85390625 0.3390625 0.2921875
0 0.5125 0.7703125 0.090625 0.08125
0 0.4671875 0.96015625 0.103125 0.0796875
0 0.05859375 0.87265625 0.07265625 0.08671875
0 0.790625 0.46875 0.046875 0.059375
0 0.7359375 0.86015625 0.31328125 0.2796875
0 0.6515625 0.965625 0.11328125 0.06796875
0 0.88828125 0.32109375 0.2234375 0.2140625
0 0.98046875 0.309375 0.0390625 0.2375
0 0.98046875 0.37734375 0.0390625 0.1015625
0 0.4625 0.65078125 0.23828125 0.23203125
0 0.45390625 0.71640625 0.05703125 0.0828125
0 0.9671875 0.17890625 0.06484375 0.1234375
0 0.97421875 0.159375 0.0515625 0.06875
0 0.75 0.4015625 0.04375 0.06328125
0 0.93828125 0.1015625 0.04609375 0.11875
0 0.9609375 0.0640625 0.078125 0.128125
0 0.11953125 0.74296875 0.2390625 0.2546875
0 0.00390625 0.73203125 0.00078125 0.00390625