0 0.5084026793906651 0.4440675101648955 0.9115369496566201 0.572255659381737
0 0.5328330518820261 0.33154867315892317 0.9343338962359476 0.5152796139788898
0 0.5286661694676523 0.21583275418097178 0.9426676610646954 0.4250910250730563
0 0.4985197075281046 0.1933317727014236 0.9251644150562092 0.3866635454028472
0 0.4350208706071473 0.5622921397239232 0.8102582925462576 0.61516789836382
0 0.3345526384016444 0.6490855845374303 0.6283079555881192 0.5937617577868755
0 0.2216016522418089 0.7174017862847915 0.3843086047898165 0.5053486487450698
0 0.7091123562355102 0.09219196637756885 0.3132241946765232 0.1399769154625697
0 0.7591826349044223 0.227092990028923 0.3207475346004111 0.17137238582729192
0 0.7807432530029306 0.3915912479127077 0.31108337452429885 0.20236781268902798
0 0.7226972841433006 0.5407385691511106 0.2629350346004111 0.17002678495361145
0 0.5946452214054501 0.6414678806058676 0.21762253460041112 0.16897212480937504
0 0.47001924760290414 0.7687051406738539 0.16787720258518862 0.17405836189159735
0 0.1114759412536632 0.5096094297115277 0.10136618182494202 0.07416615824437507
0 0.34691869273653797 0.511167357238854 0.07891817885919253 0.059594511967847194