0 0.08096479300336809 0.20136903784161522 0.15785489825029514 0.31288692431676957
0 0.18726918973360743 0.10299104682728985 0.3480103715585494 0.19314488710812658
0 0.4489865756266128 0.34342504075202207 0.465009459542452 0.6138244640573014
0 0.43918315269891933 0.3140376411148418 0.45541428364900904 0.569801645545647
0 0.2904406106841345 0.11972962432461882 0.07824701680591399 0.08230655771188111
0 0.05911235623551021 0.10668402041842004 0.07936384783255321 0.07142362141421192
0 0.1747081117098987 0.5243402571715762 0.24710839923887828 0.3206845553496283
0 0.10750070707099399 0.5837995919252992 0.1844412559686801 0.4292758161494016
0 0.10675926634880342 0.46960068266947214 0.1512228962731288 0.30329366950744613
0 0.10157306475219792 0.30392111896714125 0.07046369171077375 0.12104167549789598
0 0.25488633752679196 0.8024082042690186 0.41413407315515494 0.36084330779669926
0 0.34383479650059023 0.6044940047245054 0.08012785178688589 0.09017362141421188
0 0.4156567638773455 0.4470783196079626 0.3994985701894054 0.3462897344757213
0 0.40814269421941274 0.5122767336731131 0.07512201680591399 0.08219743030721922
0 0.40088336216700926 0.12291413331029348 0.07614068874502422 0.10719743030721936
0 0.46522970505664657 0.16604408521705924 0.12948586463846717 0.15274803248413762
0 0.6912828690870915 0.1609374668828902 0.3981907381741829 0.3218749337657804
0 0.6498381042955248 0.4725420779606651 0.3912350840295698 0.4115327885594054
0 0.642805559809282 0.26155001425833424 0.06568334980971961 0.08030754809323426
0 0.8518993755128822 0.6338168507413379 0.29620124897423566 0.5374752404661713
0 0.7862040272232184 0.49750981770904606 0.089277358706968 0.12325893992586626
0 0.8938202786689121 0.5283555352249085 0.2123594426621757 0.5828026094333122
0 0.8582925914439435 0.40423847814599956 0.11321887749004844 0.2130307680561673
0 0.5046780904925414 0.8077677937472469 0.3908875741437381 0.3647123522617363
0 0.5133819284392629 0.8293699752355927 0.38910489825029515 0.3209623522617363
0 0.5811968281352519 0.7464185767795387 0.1053825197716634 0.09729664065150559
0 0.5702142016709676 0.937698341207509 0.11606535178688589 0.09142858656782167
0 0.15275744623376014 0.9264583178786822 0.08675985376405229 0.09976687622353567
0 0.8010703404553604 0.4015425532810758 0.057361513840164594 0.06753472958158006
0 0.8171462569944443 0.7960738032810758 0.3614892342198502 0.33248020561978076
0 0.7531394482109265 0.9148808561836335 0.12375051779449713 0.08857640507947587
0 0.8697892238211363 0.23873996371802927 0.2604215523577274 0.2525347560752678
0 0.9591713880987272 0.21138380083400507 0.08165722380254578 0.2431349303072194
0 0.9712840689350859 0.27824391862001996 0.057431862129828204 0.10810516587924912
0 0.51027022140545 0.6378000341286001 0.27788355536065784 0.2718303930985764
0 0.5137573187437117 0.7041790022774347 0.07081651878308044 0.09140873920022692
0 0.9227437747145792 0.08513132488062221 0.08816052768032918 0.13414187622353535
0 0.9258223537640522 0.06468241562479507 0.06399351581733086 0.07712798439090336
0 0.7485873276037791 0.3423510917556632 0.054363847832553346 0.07055060217691826
0 0.8802896778706092 0.03833823666833807 0.06682935574121843 0.07667647333667614
0 0.8975580909124709 0.021123454817172642 0.09824118182494175 0.042246909634345284
0 0.18937408406675088 0.788266347915749 0.28352606030357363 0.29543158420556886