0 0.27421875 0.5796875 0.1609375 0.48671875
0 0.2859375 0.51875 0.13359375 0.44296875
0 0.31796875 0.46484375 0.06171875 0.38671875
0 0.35078125 0.440625 0.03515625 0.4671875
0 0.39609375 0.5015625 0.0625 0.61796875
0 0.55390625 0.56953125 0.3265625 0.3734375
0 0.51484375 0.51640625 0.259375 0.55625
0 0.50625 0.48046875 0.234375 0.53359375
0 0.59609375 0.79921875 0.296875 0.2734375
0 0.54375 0.61875 0.3328125 0.359375
0 0.56484375 0.65625 0.34453125 0.25859375
0 0.60625 0.68359375 0.271875 0.14609375
0 0.23125 0.5515625 0.04375 0.07109375
0 0.253125 0.4421875 0.0421875 0.090625
0 0.309375 0.371875 0.034375 0.1
0 0.3546875 0.28984375 0.025 0.090625
0 0.3859375 0.28203125 0.0296875 0.0921875
0 0.55234375 0.315625 0.034375 0.08671875
0 0.5015625 0.284375 0.0328125 0.0875
0 0.6546875 0.4359375 0.0640625 0.078125
0 0.66875 0.4796875 0.05078125 0.0484375
0 0.70859375 0.68671875 0.05546875 0.03671875
0 0.7 0.63828125 0.06484375 0.04765625
0 0.69140625 0.5640625 0.05703125 0.06171875
0 0.68671875 0.8140625 0.06640625 0.05234375