0 0.7258176126670909 0.4989025282075176 0.5483647746658182 0.9969407160369459
0 0.2909651860677696 0.49921875 0.5819303721355392 0.9984375
0 0.9085584820178173 0.12597304655428193 0.15259883601209054 0.08994426483072289
0 0.6322772453453176 0.08460874493183443 0.0929329346753633 0.06459883118569745
0 0.835318454129494 0.9491110855855016 0.12271134134309065 0.0725840480082102
0 0.552151418125358 0.9202876905789126 0.08343066534054522 0.05360678903121965
0 0.6995065814369499 0.7592633112868089 0.15198176535645339 0.17118517447164336
0 0.5670089707192704 0.3842274707313377 0.05768632535009015 0.12376475292686617
0 0.4455584953453176 0.08569504284184876 0.13248633068109025 0.10701359016268788
0 0.36201676678863076 0.896392169207086 0.13250451201463562 0.10857609016268803
0 0.2508759880649061 0.47669781362450003 0.19784080004772503 0.35268970452587267
0 0.14907384667409057 0.05382391588743631 0.1230567866804539 0.10227154800821019
0 0.06946564011772186 0.8668420663549746 0.11693405601527203 0.11317268657189175
0 0.09913003270208928 0.2603784429166035 0.07887152936027149 0.1988829275949012