0 0.1234375 0.21796875 0.246875 0.4359375
0 0.36484375 0.371875 0.3 0.26875
0 0.38359375 0.13828125 0.37890625 0.2765625
0 0.80390625 0.1390625 0.2828125 0.278125
0 0.965625 0.3359375 0.06484375 0.271875
0 0.8859375 0.353125 0.09296875 0.20390625
0 0.65703125 0.640625 0.67578125 0.446875
0 0.61796875 0.4640625 0.378125 0.2203125
0 0.7875 0.4265625 0.05859375 0.2390625
0 0.728125 0.30703125 0.28984375 0.10703125
0 0.8046875 0.3578125 0.00078125 0.0046875
0 0.296875 0.65234375 0.36640625 0.40078125
0 0.93515625 0.8296875 0.1296875 0.31875
0 0.1484375 0.86953125 0.290625 0.2609375
0 0.26484375 0.33046875 0.04921875 0.121875
0 0.4671875 0.31484375 0.04765625 0.11875
0 0.6734375 0.44765625 0.13046875 0.06328125
0 0.96484375 0.290625 0.0484375 0.10234375
0 0.68671875 0.76875 0.16796875 0.08828125
0 0.09140625 0.234375 0.08046875 0.1046875
0 0.6421875 0.2765625 0.084375 0.0578125
0 0.9625 0.9390625 0.075 0.05625