0 0.737824695479097 0.11436639884197894 0.4649756090418059 0.22873279768395788
0 0.6050803581887845 0.3380694704616315 0.30603832655673635 0.33350870991548637
0 0.8372570785535066 0.32641888317131873 0.3187942061157642 0.4118882830537503
0 0.8509480641171174 0.7446233693036104 0.26973715064493076 0.31704725531833355
0 0.6896981735401727 0.9295283122172563 0.27874455547083343 0.10018706363895866
0 0.6664983693036104 0.8527664436761453 0.21515483415618064 0.11900849240055571
0 0.3613062954997564 0.6467041605254857 0.5316631077106256 0.7010638050895839
0 0.5341632204616313 0.6005162254956244 0.2686487357510419 0.4044745201359724
0 0.5850139395920827 0.7640871098043049 0.24571384992375017 0.09004834422416685
0 0.699168664990798 0.690374893239305 0.14292007750666685 0.30316398043270854
0 0.32003386417270807 0.3064434896476733 0.4453567061157642 0.41483405793937533
0 0.19523965872253393 0.9379136548259026 0.33390483415618066 0.12177242933027799
0 0.11994882408819443 0.18626219547909711 0.23989764817638887 0.32122560904180575
0 0.6379675530022915 0.23345405243361056 0.1280172036472223 0.06544577488562506
0 0.6700494351267705 0.4318181640408675 0.12481946846486114 0.06224803970326391
0 0.5547835385659022 0.6539133292190968 0.079762848023889 0.1392820119678472
0 0.7351379601093048 0.9230049020730202 0.10919446846486114 0.061884363791458695
0 0.2357237608304855 0.70818913402434 0.10879703780340293 0.17899912860909736
0 0.7195663111704166 0.04884135667017301 0.11464568787965276 0.0948059665650001
0 0.7223353676880897 0.6008214307583675 0.06773432028847229 0.09215243882958327
0 0.08884353514742974 0.9802122172305902 0.06486258700597225 0.03586607123840295