0 0.18646772336361625 0.8015721748480331 0.3729354467272325 0.3562693496960662
0 0.33947805211342674 0.6099793714036785 0.3348851018701528 0.36593385471063106
0 0.14910459963065764 0.5293645542357774 0.2982091992613153 0.4431041084715549
0 0.22181539178513537 0.15100988519373207 0.3407442164297293 0.29892821113712176
0 0.452130126561629 0.04988060886726618 0.280114746876742 0.08157557508545991
0 0.45025855435292195 0.1029601447606435 0.2211306323171657 0.14703543903379807
0 0.6719961572050335 0.40164901200768693 0.6013110952308536 0.7798672887298641
0 0.4915592234618121 0.39092915769276726 0.30713280659241704 0.4291780007914229
0 0.49725575331964966 0.2176280500126353 0.24754768657189175 0.12280832884638357
0 0.36661883167667675 0.24273804710964142 0.1752283007386847 0.31285901583511755
0 0.5941695764121195 0.7510065028364868 0.4791896137740094 0.4654290525199176
0 0.8764256237329586 0.18334059586863546 0.2464942466803503 0.21026286473976094
0 0.767542923017715 0.8877944828447342 0.32484650565734086 0.22441103431053158
0 0.2749064920049682 0.6956153430321486 0.1301420179539809 0.08189852084968266
0 0.3096683531466991 0.49581157132453624 0.12698974687674197 0.07712009263643722
0 0.48955181674775794 0.33304846153283324 0.09301472267624504 0.14486988229073816
0 0.4092750060501242 0.029099095935142455 0.11269998789975162 0.037648415676833046
0 0.8040183168459538 0.4070532290173034 0.12607266237139497 0.1880121285298145
0 0.13890938379010356 0.8362139478092867 0.12248405405833437 0.10823370031656906
0 0.3161779492613153 0.3170644456977156 0.07711701190385671 0.09754024122451135