0 0.2909658982131141 0.08921353268650793 0.43675453657757746 0.17593734874689487
0 0.2908027776431478 0.2658169393023662 0.4398158695813831 0.1743930294650541
0 0.286174991559862 0.43692432484098565 0.44325920456235507 0.18222371018321332
0 0.796752983194086 0.08434176384876427 0.381494033611828 0.16155668617910826
0 0.804752531103189 0.2523968722600206 0.3645612015966055 0.16770669222923243
0 0.7955009120160975 0.42191448672140125 0.3817487015966055 0.16780668617910824
0 0.48276744315646747 0.7646231197259379 0.9655348863129349 0.450993974424761
0 0.4079279051331962 0.05707371925839966 0.09680601581733086 0.07554542154477706
0 0.11482255087485242 0.15461075282867037 0.07365767589344294 0.04416815651766241
0 0.10544359779537218 0.32725336729005094 0.06083934091247101 0.0362829336450254
0 0.39437078802327113 0.21718906264254137 0.10567167984777566 0.06309996369925477
0 0.3716469179475966 0.3913169090517452 0.16042284684397004 0.06498062626704133
0 0.1135068127006695 0.4937459757013073 0.09221667490485981 0.03958974082661779
0 0.9214147435742094 0.03583660703651426 0.09779551285158128 0.06149201190385668
0 0.6475223043348936 0.14129977009528022 0.06409167490485981 0.0394261143631847
0 0.9116365424718955 0.199099676318355 0.1449251808363588 0.06801472267624523
0 0.6577382682516076 0.312493514045156 0.08915534190105419 0.04113406010845857
0 0.9044740054000264 0.374880926318355 0.15723417984777582 0.0633999455488821
0 0.6609866491645162 0.4820838513791735 0.07978034190105418 0.041079517953980724
0 0.08032028650321536 0.6178010992378742 0.1270665187830803 0.08978063836728971
0 0.7902218685184378 0.6281826674395605 0.3751166996194392 0.15839532474278978
0 0.096189389735795 0.9187459757013073 0.1818176857792747 0.09166130093507655