0 0.309375 0.08046875 0.42578125 0.16015625
0 0.31015625 0.25703125 0.42890625 0.15703125
0 0.30625 0.428125 0.43203125 0.1640625
0 0.81484375 0.084375 0.3703125 0.16015625
0 0.8234375 0.25859375 0.353125 0.153125
0 0.81484375 0.428125 0.3703125 0.153125
0 0.48984375 0.76171875 0.96171875 0.41328125
0 0.42578125 0.0515625 0.09140625 0.07109375
0 0.13359375 0.140625 0.0703125 0.040625
0 0.125 0.31328125 0.0578125 0.034375
0 0.41328125 0.21171875 0.1015625 0.059375
0 0.39140625 0.38515625 0.15546875 0.05859375
0 0.134375 0.48046875 0.0890625 0.0359375
0 0.93984375 0.04375 0.09296875 0.06328125
0 0.665625 0.14296875 0.0609375 0.03828125
0 0.9296875 0.20859375 0.13984375 0.0625
0 0.6765625 0.31484375 0.0859375 0.0375
0 0.9234375 0.384375 0.153125 0.0578125
0 0.68125 0.484375 0.0765625 0.0375
0 0.1015625 0.603125 0.1203125 0.08515625
0 0.8125 0.634375 0.36640625 0.14375
0 0.11953125 0.9046875 0.17421875 0.084375