0 0.9126693697233467 0.4083182767919518 0.1746612605533066 0.4546716834403387
0 0.7902212199649326 0.3660098202164045 0.27043659983454893 0.45926945454365703
0 0.6253132402574721 0.3204360418061902 0.27833092045139995 0.4640933222384088
0 0.8352583993447864 0.8419313920510714 0.25501833116686257 0.2918637662320542
0 0.6639191874942332 0.8308553445661337 0.24457175486796867 0.319797851459402
0 0.5016686034847015 0.8032094058474939 0.25032292288703195 0.38081717207625304
0 0.29492808522405234 0.4703125 0.5898561704481047 0.940625
0 0.957413763999941 0.5279080280097678 0.08517247200011795 0.10785913879807012
0 0.946360351459402 0.222616556012945 0.05917617694751698 0.0791341209411626
0 0.7805893011350905 0.17236891437220586 0.04955571509696384 0.06490797970746054
0 0.8093451412304067 0.4766473112879508 0.08636596834337454 0.11553527110331849
0 0.6464809025944925 0.41384512256931094 0.10132849512873605 0.16734323295387146
0 0.615926783278183 0.14085763596199158 0.0594761858759707 0.09632162094116259
0 0.8154759590045888 0.7383387877490004 0.05276253571381488 0.06965002678536117
0 0.6870175426070831 0.9453309017903042 0.09837504464226861 0.08762845941492117
0 0.6453583279171564 0.7077042167251124 0.05942163879807012 0.09319662094116268
0 0.5185578689059771 0.9201378072274657 0.09779439204448082 0.1438511858759707
0 0.4798191026739227 0.6707378250843732 0.05772277110331849 0.08535684740221221
0 0.5046659549506942 0.07949917045799053 0.11490007142762995 0.13946369480442447
0 0.30245380762461693 0.7621418952941871 0.23963088473758498 0.39468875730360065
0 0.2081085547885384 0.06046416720828436 0.1287171095770768 0.12092833441656872