0 0.5012692509045111 0.52421875 0.9974614981909777 0.9515625
0 0.7022552187923355 0.528125 0.5954895624153289 0.94375
0 0.2723861708491851 0.471875 0.5447723416983702 0.94375
0 0.8638931608995624 0.20546875 0.10458568068726634 0.0875
0 0.6450302962456698 0.15859375 0.12045634215265544 0.0921875
0 0.8691471426937383 0.79765625 0.10655761646291495 0.0953125
0 0.7083025751900267 0.93359375 0.10014384215265544 0.0921875
0 0.36960425033868427 0.225 0.13492163387576941 0.1296875
0 0.20481581128367515 0.3453125 0.10992827792830413 0.1
0 0.31263487109701227 0.8671875 0.10738313206674714 0.08125
0 0.1914682049975256 0.090625 0.11182497060135788 0.0765625
0 0.12211169040974619 0.7796875 0.11297139077317438 0.0984375