0 0.32890625 0.5 0.6578125 1
0 0.32147220827688594 0.5334819252864567 0.6429444165537719 0.9320179947485416
0 0.3965131518544508 0.5320006939449571 0.7930263037089016 0.9356713481062678
0 0.4276404053609538 0.585288778604412 0.85384636928799 0.828186112110086
0 0.5418832898025501 0.6550098379217308 0.7823321381711825 0.6852531774347227
0 0.805266359115284 0.7393917392186872 0.09257700361804452 0.09789315467854501
0 0.5606930020361649 0.3705893845878673 0.11411116689245623 0.15123633068109027
0 0.614745336952731 0.47146099391314034 0.11140224672063966 0.1293431493475449
0 0.4124679432388806 0.21928251794241174 0.12907442559888338 0.16858746268299923
0 0.48238429556830126 0.28561549526577584 0.13030937697836437 0.1623556440165447
0 0.3181248009953682 0.14230294195577478 0.12422315128862396 0.16540791868236288