0 0.3140625 0.08515625 0.36953125 0.13203125
0 0.6765625 0.0828125 0.359375 0.128125
0 0.30234375 0.2296875 0.3984375 0.14921875
0 0.69453125 0.23359375 0.39453125 0.1453125
0 0.29921875 0.3921875 0.41328125 0.15078125
0 0.70390625 0.3890625 0.41796875 0.15859375
0 0.28359375 0.5609375 0.43515625 0.17890625
0 0.7171875 0.5578125 0.44453125 0.16953125
0 0.2734375 0.73359375 0.4609375 0.17734375
0 0.725 0.7375 0.46015625 0.17734375
0 0.259375 0.90703125 0.47578125 0.1671875
0 0.73984375 0.909375 0.47265625 0.153125
0 0.1953125 0.1234375 0.0578125 0.03828125
0 0.28671875 0.05 0.0984375 0.0515625
0 0.7453125 0.11875 0.05625 0.05078125
0 0.296875 0.19140625 0.08203125 0.05078125
0 0.18203125 0.27265625 0.071875 0.0484375
0 0.74765625 0.26875 0.08359375 0.06796875
0 0.2734375 0.34765625 0.11328125 0.06171875
0 0.1640625 0.4359375 0.06796875 0.0515625
0 0.74921875 0.4359375 0.10078125 0.0515625
0 0.24921875 0.51015625 0.109375 0.06171875
0 0.1421875 0.6078125 0.0703125 0.04140625
0 0.7796875 0.60546875 0.10234375 0.0515625
0 0.23828125 0.6875 0.14765625 0.059375
0 0.1359375 0.78125 0.08203125 0.05
0 0.784375 0.7796875 0.13046875 0.05703125
0 0.24296875 0.86015625 0.1578125 0.0578125
0 0.11953125 0.959375 0.09921875 0.03671875
0 0.80390625 0.95859375 0.15 0.0421875