0 0.48814746753589117 0.49749735530402417 0.8393300649282176 0.9949947106080483
0 0.47859914367262935 0.5262483557275471 0.40368902515721283 0.7711888154179622
0 0.21225357468063138 0.7618497396884178 0.2803922524323367 0.4143634207925736
0 0.3628685982162864 0.2877737448089153 0.4430128035674271 0.5755474896178306
0 0.6133678356376799 0.6300041453312604 0.46789580113179524 0.6937610364081799
0 0.6980833494341023 0.3070183910320706 0.3983275949632851 0.6140367820641413
0 0.4244747053610266 0.5418880372552259 0.12430234496658024 0.1461609104104042
0 0.17394682549141027 0.6314033764918859 0.0943421095770769 0.128806810438639
0 0.27839814082996023 0.2811387950065594 0.11882391233702042 0.10057539462538863
0 0.6756302820669575 0.7293979296027147 0.1497114480508353 0.1710544945971538
0 0.8524919801144974 0.07686576485782701 0.0963682597392328 0.15373152971565401
0 0.6783716781719236 0.8853294111868631 0.13852848620028232 0.15635495776545055
0 0.6656588129095086 0.49584197695776117 0.09831258928453739 0.17742632096198285
0 0.4986331797934813 0.6304430320641413 0.08367734496658023 0.14379477360693613