0 0.921228528950332 0.15403494720723307 0.13504720388616037 0.28423064401654463
0 0.9153037448327135 0.4656536998727331 0.13711912613590121 0.29518632535009015
0 0.8003338320934852 0.16793490989023233 0.14475184367091246 0.3249465506842719
0 0.786686439208361 0.49447922855668686 0.1532920897419711 0.3406624573519991
0 0.6606527479330854 0.1828342985757769 0.16193934367091245 0.3251465453532718
0 0.6500746970662439 0.5273019139083679 0.1575814834556649 0.36569882001909004
0 0.5202631883797915 0.19618027792809423 0.1800001389561828 0.3440965400222717
0 0.5059051660489973 0.554746755927776 0.18523560256225266 0.3894454026893627
0 0.3674464034336034 0.2081092079487751 0.17996590570540577 0.3768908586887263
0 0.359954811210433 0.5868972792807297 0.18298389784752284 0.40815904002227177
0 0.21730085421939166 0.21297961596913778 0.18523560256225266 0.38944540268936256
0 0.21024375558608047 0.6159682559675469 0.18712774234700494 0.43007040268936264
0 0.07850598966091779 0.22017559265595504 0.15701197932183558 0.40964881468808995
0 0.07008981017472107 0.6317943453214551 0.14017962034944215 0.4095033640197263
0 0.8213312287026631 0.25358150855350525 0.059272300247669205 0.09907384667409058
0 0.6915174501666158 0.24103714990454989 0.05988873035529281 0.07877952800763595
0 0.5495825072387103 0.2707984699236399 0.04924232878371626 0.08490225867281787
0 0.40819337386409876 0.2888410399427299 0.07250004631872749 0.11484429734245412
0 0.25730296195344005 0.2929392886298653 0.06995724317557447 0.1273079346753633
0 0.09552855397172266 0.31278071598504614 0.0689769400324213 0.13978975334181776