0 0.2534549211621529 0.14836931615262414 0.4912848423243058 0.2967386323052483
0 0.39435333130638905 0.18694525203189016 0.5385962534184725 0.3248980032431156
0 0.6772021988975696 0.18357124148187864 0.214213196047778 0.2786273806803952
0 0.8212619766329862 0.2279507126679225 0.14284603590354195 0.23208757142762995
0 0.7750181837955903 0.03660610714474016 0.4499636324088193 0.07321221428948033
0 0.5007189661837504 0.5258520190780187 0.5263508265567364 0.3356173149315129
0 0.40609614399541705 0.4899884314150391 0.5394314015948615 0.29367527678206606
0 0.7722484740675352 0.5062626733006595 0.14746080072118062 0.229044392044481
0 0.8733933999793407 0.5201285300383626 0.08030966831236128 0.2294341298696164
0 0.2890424626683688 0.8335765645310664 0.5458632395507641 0.30159687093786725
0 0.4358804418668062 0.7958429651002593 0.5764222553183336 0.27245484171687406
0 0.7891872798227089 0.7974916452974824 0.09451763867708358 0.2359295917201692
0 0.4115188343436119 0.9244452520318902 0.782887848023889 0.15110949593621967
0 0.5553434230620139 0.08565766721157966 0.12492857123840295 0.06621710957707685
0 0.5853614974345488 0.26723890381889903 0.11504442496187509 0.04417846834337489
0 0.5977550075025351 0.39676276258519694 0.1344126740119446 0.0710682508107789
0 0.6153276332618407 0.580905937504119 0.10450696846486114 0.061175053570722324
0 0.7029367360353824 0.5840661193229001 0.08230466014423606 0.04673072402541774
0 0.691759580640799 0.40606385024817654 0.059048998100139014 0.054134120941162676
0 0.7373389586812154 0.11452518669334022 0.06035692496187508 0.04322389448011292
0 0.19205313421177128 0.5617209297901861 0.06497168977951392 0.04018071509696384
0 0.42732752583555567 0.09258159740550753 0.060538762917777864 0.05103639448011292
0 0.4222068807932988 0.2419503518697344 0.06384560087368066 0.058903441558013636
0 0.08557513050895837 0.05008972889668164 0.05795927678548618 0.07441934740221223
0 0.48842290719753534 0.7363082780064725 0.08077852773541672 0.048265950486467445
0 0.06934559887691034 0.7295550864451636 0.07772626291777782 0.05133640340856669
0 0.12152961397888966 0.9232544935071783 0.08535692496187504 0.04366027110331849
0 0.6500137174180214 0.6944093299556371 0.06355466014423605 0.04640344155801355
0 0.6613720575581257 0.8466167122608855 0.05098192496187508 0.0430602532464107
0 0.2125078385245837 0.3995794399364558 0.06489895459715278 0.037055715096963926
0 0.6996727977744799 0.9139445340955525 0.11188305737069441 0.04256142126547431
0 0.3066624545002436 0.6503822349857616 0.07140352773541672 0.04810230925276535
0 0.455948060789167 0.3484361310907276 0.07133079255305574 0.04497730925276535