0 0.4225050048941414 0.33364076443793944 0.2520436827542902 0.2389180960164204
0 0.2915922776748142 0.11886012607064966 0.2561855457309815 0.2233203670936592
0 0.40075645734906135 0.06872429156530252 0.07293155771188112 0.07540906615858278
0 0.40296379809323424 0.06483167710392194 0.11982640507947587 0.1209851865718917
0 0.5546453491816934 0.09149014675510506 0.134980179126093 0.15231699980360827
0 0.6874330565307547 0.15865544173825313 0.11962799763774719 0.16003859621281208
0 0.6498016256753812 0.2888787520431034 0.12773316351699648 0.21319995764913058
0 0.5653001401033515 0.3071333274732643 0.11307046279135698 0.1959306444174141
0 0.5947297236759482 0.4564929780389984 0.11185021397248338 0.1162522347764936
0 0.4922024683184706 0.6519504029034251 0.1989435085223384 0.4182601623713948
0 0.8157416612395616 0.7014792668738263 0.13841769237293705 0.2507544998036083
0 0.7296007422802697 0.35964122481754457 0.13794646641955416 0.2819954094445286
0 0.8882118835647475 0.5847371944687276 0.1732292019915839 0.2634544877033598
0 0.8691840535355299 0.196424128211949 0.10302085099579195 0.13182269262201593
0 0.5692609538056823 0.3087185533709634 0.07854664065150559 0.10199883723582168
0 0.34537207521989427 0.3839629513044188 0.04533234736759475 0.04556703005422928
0 0.34089785162876407 0.2558379513044188 0.04662202885594056 0.0377636204133089
0 0.24894347540522874 0.17250730083688057 0.0478224303072194 0.0721386204133089
0 0.19610616288402422 0.0909664093463328 0.04447917549789597 0.06587043969514968